レースコード,タイトル,日次,レース日,レース場,レース回,レース名,距離(m),天候,風向,風速(m),波の高さ(cm),決まり手,単勝_艇番,単勝_払戻金,複勝_1着_艇番,複勝_1着_払戻金,複勝_2着_艇番,複勝_2着_払戻金,2連単_組番,2連単_払戻金,2連単_人気,2連複_組番,2連複_払戻金,2連複_人気,拡連複_1-2着_組番,拡連複_1-2着_払戻金,拡連複_1-2着_人気,拡連複_1-3着_組番,拡連複_1-3着_払戻金,拡連複_1-3着_人気,拡連複_2-3着_組番,拡連複_2-3着_払戻金,拡連複_2-3着_人気,3連単_組番,3連単_払戻金,3連単_人気,3連複_組番,3連複_払戻金,3連複_人気,1着_着順,1着_艇番,1着_登録番号,1着_選手名,1着_モーター番号,1着_ボート番号,1着_展示タイム,1着_進入コース,1着_スタートタイミング,1着_レースタイム,2着_着順,2着_艇番,2着_登録番号,2着_選手名,2着_モーター番号,2着_ボート番号,2着_展示タイム,2着_進入コース,2着_スタートタイミング,2着_レースタイム,3着_着順,3着_艇番,3着_登録番号,3着_選手名,3着_モーター番号,3着_ボート番号,3着_展示タイム,3着_進入コース,3着_スタートタイミング,3着_レースタイム,4着_着順,4着_艇番,4着_登録番号,4着_選手名,4着_モーター番号,4着_ボート番号,4着_展示タイム,4着_進入コース,4着_スタートタイミング,4着_レースタイム,5着_着順,5着_艇番,5着_登録番号,5着_選手名,5着_モーター番号,5着_ボート番号,5着_展示タイム,5着_進入コース,5着_スタートタイミング,5着_レースタイム,6着_着順,6着_艇番,6着_登録番号,6着_選手名,6着_モーター番号,6着_ボート番号,6着_展示タイム,6着_進入コース,6着_スタートタイミング,6着_レースタイム
202303032401,男女Ｗ優勝戦　マンスリーボートレースカップ,第1日,2023/03/03,大村,01R,予選Ａ組男子,1800,晴,西,3,2,逃げ,1,430,1,140,2,130,1-2,870,4,1-2,800,3,1-2,320,6,1-3,190,2,2-3,250,5,1-2-3,1960,5,1-2-3,630,4,1,1,3964,宮 地 博 士,75,26,6.91,1,0.21,109.6,2,2,3777,樋 口 亮,64,80,6.88,2,0.18,110.6,3,3,4531,武 富 智 亮,17,17,6.87,3,0.21,111.5,4,4,4403,木 下 大 將,59,20,6.86,4,0.22,111.8,5,5,5131,江 藤 敦 宏,22,48,6.87,5,0.21,,6,6,5239,上 野 俊 樹,56,23,6.92,6,0.21,
202303032402,男女Ｗ優勝戦　マンスリーボートレースカップ,第1日,2023/03/03,大村,02R,予選Ｂ組女子,1800,晴,西,3,2,逃げ,1,150,1,110,3,140,1-3,810,4,1-3,520,2,1-3,130,1,1-2,150,2,2-3,260,5,1-3-2,1600,6,1-2-3,390,2,1,1,3871,池 田 紫 乃,19,19,6.86,1,0.13,108.8,2,3,4678,水 野 望 美,43,35,6.91,3,0.12,109.9,3,2,4313,西 村 美智子,50,84,6.84,2,0.17,110.8,4,4,4289,落 合 直 子,25,24,6.94,4,0.12,112.5,5,5,4878,西 岡 育 未,54,49,6.89,5,0.14,,6,6,4408,仁 科 さやか,67,78,6.93,6,0.16,
202303032403,男女Ｗ優勝戦　マンスリーボートレースカップ,第1日,2023/03/03,大村,03R,予選Ａ組男子,1800,晴,西,3,2,まくり,2,150,2,140,1,140,2-1,500,2,1-2,200,1,1-2,140,1,2-6,920,11,1-6,440,7,2-1-6,12400,38,1-2-6,4470,12,1,2,4171,榎 幸 司,58,32,7.0,2,0.14,109.4,2,1,5012,加 倉 侑 征,55,72,6.92,1,0.21,111.0,3,6,4727,安 部 慎 一,13,53,6.92,6,0.15,111.1,4,5,4718,北 川 太 一,53,63,6.9,5,0.12,111.7,5,4,4259,真 庭 明 志,48,16,6.93,4,0.1,,6,3,5138,村 本 大 成,65,27,6.95,3,0.11,
202303032404,男女Ｗ優勝戦　マンスリーボートレースカップ,第1日,2023/03/03,大村,04R,予選Ｂ組女子,1800,晴,西,3,2,差し,2,330,2,130,1,150,2-1,740,5,1-2,430,2,1-2,350,5,2-3,650,9,1-3,910,11,2-1-3,6240,21,1-2-3,1190,4,1,2,5056,西 岡 成 美,69,57,6.88,2,0.11,108.5,2,1,4400,加 藤 奈 月,38,29,6.92,1,0.18,109.8,3,3,5195,北 村 寧 々,68,39,6.91,3,0.11,111.8,4,4,4450,平 高 奈 菜,31,76,6.88,4,0.14,113.5,5,6,4924,中 北 涼,77,56,6.9,6,0.18,,6,5,3932,池 田 浩 美,39,21,6.88,5,0.17,
202303032405,男女Ｗ優勝戦　マンスリーボートレースカップ,第1日,2023/03/03,大村,05R,予選Ａ組男子,1800,晴,北西,2,1,,1,250,1,130,2,180,1-2,510,1,1-2,380,1,1-2,200,2,1-3,140,1,2-3,200,2,1-2-3,1220,1,1-2-3,390,1,1,1,4355,小 川 広 大,44,77,6.84,1,0.19,108.9,2,2,4495,森 晋太郎,57,64,6.89,2,0.21,110.1,3,3,4294,古 賀 繁 輝,49,44,6.91,3,0.16,111.6,4,6,4948,木 場 悠 介,29,18,6.87,6,0.24,111.8,5,4,3349,吉 田 一 郎,24,40,6.97,4,0.17,,6,5,5158,宮 脇 遼 太,45,82,6.88,5,0.07,
202303032406,男女Ｗ優勝戦　マンスリーボートレースカップ,第1日,2023/03/03,大村,06R,予選Ｂ組女子,1800,晴,北西,2,1,まくり,3,200,3,160,6,300,3-6,1130,5,3-6,510,4,3-6,250,5,3-4,140,1,4-6,240,4,3-6-4,1920,5,3-4-6,330,1,1,3,4499,滝 川 真由子,11,33,6.84,3,0.07,107.3,2,6,4720,西 澤 日花里,51,81,6.83,5,0.01,109.1,3,4,4456,鎌 倉 涼,23,11,6.87,4,0.07,111.9,4,1,3778,安 達 美 帆,12,25,6.84,1,0.22,112.8,5,2,5146,野 田 彩 加,81,34,6.85,2,0.14,,6,5,5265,大 廣 咲 季,40,50,6.89,6,0.08,
202303032407,男女Ｗ優勝戦　マンスリーボートレースカップ,第1日,2023/03/03,大村,07R,予選Ａ組男子,1800,晴,北,3,2,逃げ,1,200,1,100,4,140,1-4,240,1,1-4,140,1,1-4,110,1,1-2,120,2,2-4,150,3,1-4-2,500,1,1-2-4,210,1,1,1,4288,永 田 啓 二,32,61,6.89,1,0.13,108.2,2,4,4296,岡 崎 恭 裕,26,15,6.83,4,0.16,109.7,3,2,4718,北 川 太 一,53,63,6.85,2,0.14,111.2,4,6,4531,武 富 智 亮,17,17,6.87,6,0.17,112.5,5,3,5055,眞 鳥 章 太,20,41,6.87,3,0.21,,6,5,4248,岡 本 大,47,30,6.89,5,0.24,
202303032408,男女Ｗ優勝戦　マンスリーボートレースカップ,第1日,2023/03/03,大村,08R,予選Ｂ組女子,1800,晴,北西,4,3,逃げ,1,120,1,100,4,130,1-4,220,1,1-4,120,1,1-4,100,1,1-2,140,2,2-4,170,4,1-4-2,460,1,1-2-4,180,1,1,1,4546,浜 田 亜理沙,63,58,6.84,1,0.17,108.2,2,4,4502,遠 藤 エ ミ,78,79,6.86,4,0.22,110.2,3,2,4408,仁 科 さやか,67,78,6.82,2,0.31,112.3,4,5,5118,野 田 なづき,16,47,6.85,5,0.18,113.7,5,3,4714,喜多須 杏 奈,73,14,6.87,3,0.23,,6,6,5272,松 田 真 実,46,31,6.87,6,0.13,
202303032409,男女Ｗ優勝戦　マンスリーボートレースカップ,第1日,2023/03/03,大村,09R,特賞Ａ組男子,1800,晴,北,3,2,差し,2,300,2,140,1,110,2-1,1060,4,1-2,240,1,1-2,120,1,2-4,210,4,1-4,130,2,2-1-4,2210,8,1-2-4,330,1,1,2,4193,郷 原 章 平,79,71,6.78,2,0.2,109.1,2,1,4259,真 庭 明 志,48,16,6.83,1,0.16,109.7,3,4,3777,樋 口 亮,64,80,6.84,4,0.21,112.6,4,3,4624,高 田 明,71,66,6.86,3,0.22,113.4,5,6,5008,羽 野 諒,30,62,6.82,6,0.23,,6,5,4495,森 晋太郎,57,64,6.83,5,0.28,
202303032410,男女Ｗ優勝戦　マンスリーボートレースカップ,第1日,2023/03/03,大村,10R,特賞Ｂ組女子,1800,晴,北,1,1,差し,4,480,4,300,1,140,4-1,2430,8,1-4,400,2,1-4,160,2,2-4,210,3,1-2,130,1,4-1-2,5870,19,1-2-4,250,1,1,4,4678,水 野 望 美,43,35,6.85,4,0.2,108.2,2,1,3932,池 田 浩 美,39,21,6.81,1,0.18,109.7,3,2,4720,西 澤 日花里,51,81,6.79,2,0.23,110.9,4,5,3871,池 田 紫 乃,19,19,6.85,5,0.16,112.1,5,6,5056,西 岡 成 美,69,57,6.82,6,0.14,,6,3,4443,津 田 裕 絵,33,28,6.94,3,0.27,
202303032411,男女Ｗ優勝戦　マンスリーボートレースカップ,第1日,2023/03/03,大村,11R,発祥地選抜Ａ,1800,晴,,0,1,逃げ,1,100,1,100,2,170,1-2,430,3,1-2,620,3,1-2,200,4,1-6,780,9,2-6,1880,13,1-2-6,5850,18,1-2-6,2600,10,1,1,4296,岡 崎 恭 裕,26,15,6.82,1,0.08,108.1,2,2,3349,吉 田 一 郎,24,40,6.91,2,0.16,109.4,3,6,4294,古 賀 繁 輝,49,44,6.92,6,0.17,110.3,4,3,4288,永 田 啓 二,32,61,6.92,3,0.19,112.3,5,5,4403,木 下 大 將,59,20,6.81,5,0.16,,6,4,4171,榎 幸 司,58,32,6.9,4,0.18,
202303032412,男女Ｗ優勝戦　マンスリーボートレースカップ,第1日,2023/03/03,大村,12R,発祥地選抜Ｂ,1800,晴,南東,1,1,逃げ,1,110,1,100,4,190,1-4,440,3,1-4,370,3,1-4,160,3,1-3,160,2,3-4,510,10,1-4-3,1270,6,1-3-4,490,3,1,1,4502,遠 藤 エ ミ,78,79,6.88,1,0.11,107.4,2,4,4546,浜 田 亜理沙,63,58,6.88,4,0.08,109.4,3,3,4456,鎌 倉 涼,23,11,6.87,3,0.12,110.9,4,2,4450,平 高 奈 菜,31,76,6.85,2,0.12,112.6,5,5,4289,落 合 直 子,25,24,6.91,5,0.11,,6,6,4499,滝 川 真由子,11,33,6.84,6,0.11,
202303032101,読売新聞社杯　全日本王座決定戦　開設７０周年記念,第4日,2023/03/03,芦屋,01R,予選,1800,晴,南,1,1,差し,5,1660,5,450,1,100,5-1,6630,16,1-5,1520,5,1-5,430,5,4-5,490,9,1-4,190,2,5-1-4,33580,64,1-4-5,1350,6,1,5,4073,大 橋 純一郎,45,32,6.75,5,0.15,111.1,2,1,4189,川 上 剛,10,41,6.71,1,0.11,114.7,3,4,4356,長 岡 良 也,52,47,6.67,4,0.12,116.3,4,3,4350,篠 崎 元 志,56,52,6.76,3,0.11,119.8,5,2,4748,渡 邉 雄 朗,31,24,6.74,2,0.13,123.1,,,,,,,,,,
202303032102,読売新聞社杯　全日本王座決定戦　開設７０周年記念,第4日,2023/03/03,芦屋,02R,予選,1800,晴,北,2,2,逃げ,1,170,1,110,6,270,1-6,1820,6,1-6,1270,6,1-6,470,8,1-4,230,2,4-6,570,11,1-6-4,7230,22,1-4-6,2090,8,1,1,4703,森 永 隆,47,22,6.8,1,0.09,107.7,2,6,4290,稲 田 浩 二,16,68,6.68,6,0.16,108.9,3,4,3740,大 澤 普 司,54,18,6.73,4,0.04,110.3,4,3,4108,吉 村 正 明,23,21,6.77,3,0.09,110.5,5,5,3849,中 岡 正 彦,41,43,6.78,5,0.08,112.4,6,2,4477,篠 崎 仁 志,39,27,6.77,2,0.14,115.8
202303032103,読売新聞社杯　全日本王座決定戦　開設７０周年記念,第4日,2023/03/03,芦屋,03R,予選,1800,晴,西,2,2,,4,1900,4,300,5,540,4-5,11430,25,4-5,5700,15,4-5,1530,15,2-4,380,7,2-5,900,11,4-5-2,45520,96,2-4-5,5170,16,1,4,4025,山 本 隆 幸,44,38,6.69,4,0.15,107.6,2,5,5029,中 亮 太,35,49,6.79,6,0.19,108.1,3,2,4586,磯 部 誠,4,69,6.74,2,0.1,110.4,4,1,4608,荒 井 翔 伍,12,13,6.77,1,0.14,111.3,5,3,4851,関 浩 哉,59,59,6.73,3,0.12,111.7,6,6,4571,菅 章 哉,24,46,6.54,5,0.14,112.0
202303032104,読売新聞社杯　全日本王座決定戦　開設７０周年記念,第4日,2023/03/03,芦屋,04R,予選,1800,晴,西,2,2,差し,3,1080,3,350,4,330,3-4,2830,15,3-4,1580,8,3-4,390,7,2-3,620,11,2-4,300,5,3-4-2,9640,44,2-3-4,1520,8,1,3,3983,須 藤 博 倫,30,14,6.81,4,0.03,107.3,2,4,4545,岡 村 慶 太,7,23,6.75,5,0.03,107.8,3,2,4610,佐 藤 大 佑,27,29,6.75,3,0.03,110.0,4,1,4072,森 永 淳,48,12,6.73,1,0.15,111.6,5,5,4388,是 澤 孝 宏,50,40,6.76,6,0.09,112.1,6,6,3415,松 井 繁,3,30,6.78,2,0.06,113.7
202303032105,読売新聞社杯　全日本王座決定戦　開設７０周年記念,第4日,2023/03/03,芦屋,05R,予選,1800,晴,西,3,3,まくり,3,720,3,210,5,910,3-5,9020,24,3-5,7050,14,3-5,890,14,1-3,230,3,1-5,400,7,3-5-1,45740,88,1-3-5,2700,12,1,3,4471,新 田 泰 章,2,65,6.73,4,0.03,107.9,2,5,3582,吉 川 昭 男,5,28,6.72,3,0.04,109.0,3,1,4356,長 岡 良 也,52,47,6.7,1,0.04,110.5,4,4,4539,金 子 賢 志,6,58,6.77,5,0.05,110.8,5,2,4468,大 池 佑 来,43,20,6.74,2,0.05,111.1,6,6,4320,峰 竜 太,38,16,6.7,6,0.01,111.7
202303032106,読売新聞社杯　全日本王座決定戦　開設７０周年記念,第4日,2023/03/03,芦屋,06R,予選,1800,晴,西,3,3,逃げ,1,170,1,130,3,190,1-3,480,2,1-3,410,2,1-3,160,1,1-6,200,3,3-6,300,6,1-3-6,2090,6,1-3-6,1020,5,1,1,4732,堀 本 和 也,33,37,6.83,1,0.07,107.2,2,3,4573,佐 藤 翼,8,45,6.76,3,0.09,107.9,3,6,4337,平 本 真 之,14,63,6.78,6,0.09,109.9,4,2,4371,西 山 貴 浩,34,44,6.84,2,0.07,111.3,5,5,3679,飯 島 昌 弘,17,54,6.82,5,0.09,112.0,6,4,4342,谷 野 錬 志,19,53,6.81,4,0.09,113.4
202303032107,読売新聞社杯　全日本王座決定戦　開設７０周年記念,第4日,2023/03/03,芦屋,07R,予選,1800,晴,西,2,2,差し,6,3450,6,800,1,160,6-1,10150,20,1-6,2390,9,1-6,460,7,2-6,550,9,1-2,140,1,6-1-2,29990,58,1-2-6,1060,5,1,6,4409,坂 元 浩 仁,20,26,6.78,6,0.14,107.1,2,1,4073,大 橋 純一郎,45,32,6.73,1,0.06,108.7,3,2,3783,瓜 生 正 義,49,50,6.73,2,0.09,109.4,4,4,4608,荒 井 翔 伍,12,13,6.83,4,0.17,111.5,5,5,3960,菊 地 孝 平,40,36,6.69,5,0.07,112.1,6,3,4703,森 永 隆,47,22,6.76,3,0.09,116.0
202303032108,読売新聞社杯　全日本王座決定戦　開設７０周年記念,第4日,2023/03/03,芦屋,08R,予選,1800,晴,西,2,2,差し,3,460,3,390,4,410,3-4,2890,6,3-4,1930,5,3-4,260,6,1-3,120,1,1-4,230,4,3-4-1,7600,20,1-3-4,380,2,1,3,4352,下 條 雄太郎,46,31,6.78,3,0.09,107.4,2,4,3415,松 井 繁,3,30,6.86,4,0.12,108.5,3,1,4262,馬 場 貴 也,42,62,6.78,1,0.18,109.4,4,6,5029,中 亮 太,35,49,6.87,6,0.12,111.0,5,2,4108,吉 村 正 明,23,21,6.81,2,0.09,112.1,6,5,4189,川 上 剛,10,41,6.84,5,0.11,114.2
202303032109,読売新聞社杯　全日本王座決定戦　開設７０周年記念,第4日,2023/03/03,芦屋,09R,予選,1800,晴,西,3,3,差し,2,570,2,340,1,100,2-1,1030,5,1-2,190,1,1-2,130,1,2-5,340,7,1-5,220,2,2-1-5,4170,19,1-2-5,520,2,1,2,4471,新 田 泰 章,2,65,6.78,2,0.07,107.4,2,1,3779,原 田 幸 哉,57,66,6.76,1,0.11,109.1,3,5,3740,大 澤 普 司,54,18,6.75,5,0.03,110.3,4,3,4748,渡 邉 雄 朗,31,24,6.75,3,0.04,111.2,5,4,3983,須 藤 博 倫,30,14,6.85,4,0.07,111.7,6,6,4586,磯 部 誠,4,69,6.83,6,0.09,111.7
202303032110,読売新聞社杯　全日本王座決定戦　開設７０周年記念,第4日,2023/03/03,芦屋,10R,予選,1800,晴,西,2,2,差し,2,640,2,230,3,310,2-3,3750,14,2-3,3430,13,2-3,480,11,1-2,210,2,1-3,330,6,2-3-1,14570,53,1-2-3,790,4,1,2,4522,古 澤 光 紀,1,42,6.79,2,0.19,108.0,2,3,3837,秋 山 広 一,28,48,6.87,3,0.13,108.9,3,1,4371,西 山 貴 浩,34,44,6.86,1,0.16,111.6,4,4,4571,菅 章 哉,24,46,6.62,6,0.1,112.4,5,5,4072,森 永 淳,48,12,6.75,4,0.14,113.1,6,6,4168,石 野 貴 之,37,17,6.77,5,0.12,117.3
202303032111,読売新聞社杯　全日本王座決定戦　開設７０周年記念,第4日,2023/03/03,芦屋,11R,予選,1800,晴,西,3,3,逃げ,1,290,1,100,2,110,1-2,340,1,1-2,160,1,1-2,140,1,1-3,180,2,2-3,210,4,1-2-3,910,1,1-2-3,390,1,1,1,4095,福 来 剛,53,15,6.79,1,0.08,107.4,2,2,4320,峰 竜 太,38,16,6.7,2,0.11,108.2,3,3,4025,山 本 隆 幸,44,38,6.81,3,0.14,109.4,4,4,4028,田 村 隆 信,9,64,6.82,4,0.13,110.3,5,6,4610,佐 藤 大 佑,27,29,6.73,6,0.14,111.7,6,5,4477,篠 崎 仁 志,39,27,6.83,5,0.11,112.5
202303032112,読売新聞社杯　全日本王座決定戦　開設７０周年記念,第4日,2023/03/03,芦屋,12R,予選,1800,晴,西,3,3,差し,5,280,5,190,1,100,5-1,1950,5,1-5,330,3,1-5,150,3,5-6,650,8,1-6,300,5,5-1-6,8720,19,1-5-6,1000,4,1,5,3942,寺 田 祥,55,19,6.76,6,0.03,113.8,2,1,4831,羽 野 直 也,18,56,6.73,1,0.12,116.7,3,6,3849,中 岡 正 彦,41,43,6.83,4,0.05,120.7,4,3,4468,大 池 佑 来,43,20,6.78,3,0.15,122.9,,,,,,,,,,,,,,,,,,,,
202303032001,公営レーシングプレス杯,第4日,2023/03/03,若松,01R,一般戦,1800,晴,北西,4,4,逃げ,1,130,1,100,6,190,1-6,750,4,1-6,520,4,1-6,290,5,1-3,190,2,3-6,730,10,1-6-3,3490,12,1-3-6,970,6,1,1,4394,永 嶋 裕 一,18,60,6.75,1,0.09,109.7,2,6,3953,志 道 吉 和,47,16,6.75,5,0.11,110.9,3,3,4733,赤 井 睦,3,33,6.77,3,0.12,112.7,4,4,4014,片 岡 恵 里,43,27,6.75,4,0.15,113.7,5,2,3680,森 林 太,1,20,6.8,2,0.19,,6,5,5271,杉 山 太 陽,26,22,6.83,6,0.18,
202303032002,公営レーシングプレス杯,第4日,2023/03/03,若松,02R,一般戦,1800,晴,北,4,4,まくり,2,580,2,160,5,820,2-5,4990,17,2-5,2860,8,2-5,610,10,2-6,450,7,5-6,710,13,2-5-6,17620,61,2-5-6,4750,18,1,2,3305,小 野 信 樹,10,44,6.73,2,0.12,110.8,2,5,3976,内 田 圭,55,68,6.8,5,0.17,111.6,3,6,3477,近 藤 稔 也,6,55,6.72,6,0.21,112.8,4,3,4316,山 口 裕 太,30,36,6.76,3,0.11,113.5,5,1,5069,山 崎 小葉音,42,49,6.68,1,0.07,,6,4,5223,森 清 友 翔,14,30,6.72,4,0.22,
202303032003,公営レーシングプレス杯,第4日,2023/03/03,若松,03R,一般戦,1800,晴,北,4,4,逃げ,1,160,1,100,2,140,1-2,400,2,1-2,210,1,1-2,100,1,1-4,230,3,2-4,320,5,1-2-4,1100,4,1-2-4,790,4,1,1,3726,桂 林 寛,2,47,6.75,1,0.18,109.7,2,2,4981,牧 山 敦 也,8,58,6.77,2,0.22,110.5,3,4,4672,守 屋 大 地,50,21,6.75,4,0.25,112.5,4,3,4396,大 田 直 弥,56,11,6.78,3,0.19,113.0,5,5,3631,田 添 康 介,27,45,6.74,5,0.37,,6,6,5264,登 みひ果,57,12,6.75,6,0.46,
202303032004,公営レーシングプレス杯,第4日,2023/03/03,若松,04R,一般戦,1800,晴,北,4,4,まくり,4,320,4,110,1,100,4-1,740,3,1-4,210,1,1-4,130,1,4-5,250,3,1-5,360,7,4-1-5,2730,9,1-4-5,870,4,1,4,3757,畑 和 宏,46,51,6.69,4,0.06,109.7,2,1,4778,堤 啓 輔,39,71,6.79,1,0.15,111.1,3,5,3709,田 中 浩 之,22,19,6.77,5,0.15,113.0,4,2,3974,深 山 祐 二,44,50,6.79,2,0.16,114.3,5,6,4315,山 崎 昂 介,58,31,6.72,6,0.24,,6,3,5203,神 里 琴 音,38,41,6.74,3,0.09,
202303032005,公営レーシングプレス杯,第4日,2023/03/03,若松,05R,進入固定戦隊  進入固定,1800,晴,北,3,3,逃げ,1,110,1,100,4,110,1-4,340,2,1-4,300,2,1-4,140,1,1-3,200,4,3-4,310,6,1-4-3,950,5,1-3-4,400,3,1,1,3919,村 上 純,32,54,6.72,1,0.11,108.9,2,4,4961,西 橋 奈 未,12,69,6.69,4,0.14,110.3,3,3,3875,廣 中 良 一,25,72,6.72,3,0.17,112.1,4,2,4950,高 岡 竜 也,7,14,6.76,2,0.14,113.9,5,6,5271,杉 山 太 陽,26,22,6.77,6,0.19,,6,5,4733,赤 井 睦,3,33,6.76,5,0.12,
202303032006,公営レーシングプレス杯,第4日,2023/03/03,若松,06R,一般戦,1800,晴,北,4,4,差し,2,2210,2,220,1,100,2-1,2880,7,1-2,380,2,1-2,140,1,2-4,280,5,1-4,140,2,2-1-4,7120,23,1-2-4,360,1,1,2,3953,志 道 吉 和,47,16,6.74,2,0.19,109.0,2,1,3711,江 本 真 治,52,17,6.71,1,0.19,109.8,3,4,3905,天 野 友 和,48,52,6.73,4,0.17,110.5,4,6,4017,向 井 美 鈴,4,29,6.75,6,0.21,111.1,5,3,4014,片 岡 恵 里,43,27,6.75,3,0.17,,6,5,4316,山 口 裕 太,30,36,6.78,5,0.19,
202303032007,公営レーシングプレス杯,第4日,2023/03/03,若松,07R,一般戦,1800,晴,北西,3,3,差し,3,310,3,140,1,120,3-1,900,4,1-3,170,1,1-3,120,1,3-6,130,2,1-6,130,3,3-1-6,2460,8,1-3-6,350,1,1,3,4022,待 鳥 雄 紀,53,37,6.7,3,0.27,109.3,2,1,3939,渡 辺 真 至,28,24,6.71,1,0.28,110.8,3,6,4052,興 津 藍,19,65,6.79,6,0.23,111.6,4,2,3477,近 藤 稔 也,6,55,6.74,2,0.35,112.6,5,4,4981,牧 山 敦 也,8,58,6.8,4,0.26,,6,5,5069,山 崎 小葉音,42,49,6.71,5,0.23,
202303032008,公営レーシングプレス杯,第4日,2023/03/03,若松,08R,エイトビート,1800,晴,北西,2,2,逃げ,1,100,1,100,3,150,1-3,160,1,1-3,230,2,1-3,110,1,1-2,130,3,2-3,200,4,1-3-2,430,1,1-2-3,180,1,1,1,4451,松 崎 祐太郎,41,73,6.7,1,0.11,109.3,2,3,4394,永 嶋 裕 一,18,60,6.76,3,0.07,110.2,3,2,3709,田 中 浩 之,22,19,6.74,2,0.09,111.7,4,4,3680,森 林 太,1,20,6.81,4,0.09,112.4,5,5,3974,深 山 祐 二,44,50,6.76,5,0.07,,6,6,5223,森 清 友 翔,14,30,6.73,6,0.02,
202303032009,公営レーシングプレス杯,第4日,2023/03/03,若松,09R,一般特選,1800,晴,,0,1,逃げ,1,150,1,100,2,190,1-2,610,2,1-2,610,3,1-2,160,2,1-3,130,1,2-3,300,7,1-2-3,1540,5,1-2-3,500,2,1,1,4949,横 田 貴 満,20,46,6.82,1,0.14,118.9,2,2,4672,守 屋 大 地,50,21,6.76,2,0.19,120.5,3,3,4315,山 崎 昂 介,58,31,6.72,3,0.19,124.4,4,4,4396,大 田 直 弥,56,11,6.82,4,0.17,126.7,5,6,4950,高 岡 竜 也,7,14,6.81,6,0.19,,,,,,,,,,,
202303032010,公営レーシングプレス杯,第4日,2023/03/03,若松,10R,選抜戦,1800,晴,,0,1,逃げ,1,190,1,110,4,340,1-4,1600,8,1-4,1490,6,1-4,290,3,1-3,320,5,3-4,660,12,1-4-3,6710,32,1-3-4,1770,7,1,1,4961,西 橋 奈 未,12,69,6.7,1,0.16,108.0,2,4,4017,向 井 美 鈴,4,29,6.78,5,0.18,109.6,3,3,3757,畑 和 宏,46,51,6.8,4,0.14,111.5,4,2,3905,天 野 友 和,48,52,6.76,3,0.12,112.1,5,5,3939,渡 辺 真 至,28,24,6.77,6,0.17,,6,6,3919,村 上 純,32,54,6.77,2,0.15,
202303032011,公営レーシングプレス杯,第4日,2023/03/03,若松,11R,選抜戦,1800,晴,,0,1,逃げ,1,110,1,100,2,100,1-2,240,1,1-2,180,1,1-2,140,1,1-3,170,3,2-3,240,5,1-2-3,540,1,1-2-3,230,1,1,1,4052,興 津 藍,19,65,6.8,1,0.15,107.6,2,2,4451,松 崎 祐太郎,41,73,6.76,2,0.17,109.3,3,3,3711,江 本 真 治,52,17,6.8,3,0.13,111.0,4,4,4022,待 鳥 雄 紀,53,37,6.78,4,0.13,112.0,5,5,3875,廣 中 良 一,25,72,6.76,5,0.15,,6,6,3726,桂 林 寛,2,47,6.81,6,0.19,
202303032012,公営レーシングプレス杯,第4日,2023/03/03,若松,12R,優勝戦,1800,晴,,0,1,逃げ,1,130,1,110,2,110,1-2,280,1,1-2,220,1,1-2,130,1,1-3,160,2,2-3,260,5,1-2-3,610,1,1-2-3,310,1,1,1,4295,小 坂 尚 哉,51,39,6.74,1,0.09,108.0,2,2,3737,上 平 真 二,21,18,6.8,2,0.13,109.3,3,3,4015,前 野 竜 一,45,62,6.77,4,0.17,110.3,4,4,4596,葛 原 大 陽,24,75,6.83,5,0.16,111.9,5,5,3297,藤 丸 光 一,33,43,6.77,3,0.07,,6,6,5086,本 村 大,37,67,6.77,6,0.22,
202303031801,マクール杯争奪徳山ヴィーナスシリーズ第２２戦,第4日,2023/03/03,徳山,01R,モーニング予,1800,晴,東,1,1,差し,2,1680,2,360,1,100,2-1,2850,9,1-2,370,3,1-2,210,3,2-4,730,10,1-4,380,5,2-1-4,12290,33,1-2-4,1050,6,1,2,4993,下 野 京 香,44,41,6.86,2,0.21,110.1,2,1,4680,後 藤 美 翼,32,39,6.82,1,0.23,111.6,3,4,4990,田 中 博 子,53,22,6.9,4,0.27,113.8,4,3,3528,笠 野 友紀恵,23,28,6.91,3,0.26,114.6,5,5,4974,安 井 瑞 紀,17,13,6.86,5,0.14,,6,6,5165,小 林 愛 実,34,48,6.86,6,0.36,
202303031802,マクール杯争奪徳山ヴィーナスシリーズ第２２戦,第4日,2023/03/03,徳山,02R,モーニング予,1800,晴,東,1,1,逃げ,1,210,1,130,3,130,1-3,510,3,1-3,220,1,1-3,170,2,1-2,590,11,2-3,420,6,1-3-2,3210,10,1-2-3,920,4,1,1,4317,木 村 紗友希,16,15,6.92,1,0.18,110.5,2,3,4611,今 井 美 亜,40,67,6.9,3,0.17,111.6,3,2,5182,宮 崎 安 奈,11,57,6.85,2,0.16,112.9,4,6,3618,海 野 ゆかり,42,60,6.89,6,0.13,114.8,5,4,5072,吉 田 杏 美,20,66,6.88,4,0.2,,6,5,3289,高 橋 淳 美,36,69,6.96,5,0.16,
202303031803,マクール杯争奪徳山ヴィーナスシリーズ第２２戦,第4日,2023/03/03,徳山,03R,モーニング予,1800,晴,南東,1,1,逃げ,1,220,1,160,2,510,1-2,1990,7,1-2,1120,4,1-2,430,5,1-5,230,3,2-5,820,12,1-2-5,6810,24,1-2-5,2140,7,1,1,4098,赤 澤 文 香,63,58,6.87,1,0.08,110.5,2,2,5198,奥 村 明日香,21,47,6.86,2,0.1,111.3,3,5,4984,森 下 愛 梨,39,75,6.81,5,0.26,112.4,4,4,4240,今 井 裕 梨,22,40,6.81,4,0.28,113.7,5,6,4791,黒 澤 めぐみ,55,56,6.85,6,0.28,,6,3,5184,飯 塚 響,14,46,6.84,3,0.14,
202303031804,マクール杯争奪徳山ヴィーナスシリーズ第２２戦,第4日,2023/03/03,徳山,04R,モーニング予,1800,晴,南東,1,1,逃げ,1,120,1,100,2,130,1-2,170,1,1-2,160,1,1-2,130,1,1-6,320,4,2-6,330,5,1-2-6,830,3,1-2-6,680,3,1,1,3845,中 谷 朋 子,59,73,6.85,1,0.17,110.2,2,2,4501,樋 口 由加里,24,42,6.86,2,0.18,111.1,3,6,3994,茶 谷 桜,70,50,6.92,6,0.19,112.8,4,4,4965,福 岡 泉 水,72,74,6.85,4,0.74,114.3,5,5,4783,木 村 詳 子,19,63,6.88,5,0.25,,6,3,5164,森 田 梨 湖,25,53,6.86,3,0.24,
202303031805,マクール杯争奪徳山ヴィーナスシリーズ第２２戦,第4日,2023/03/03,徳山,05R,グランプリ特,1800,晴,南東,1,1,逃げ,1,150,1,100,5,150,1-5,550,2,1-5,430,2,1-5,180,2,1-2,180,3,2-5,210,4,1-5-2,1190,4,1-2-5,280,1,1,1,3674,岸 恵 子,27,32,6.94,1,0.11,109.8,2,5,4536,喜 井 つかさ,64,65,6.86,5,0.19,111.2,3,2,4964,土 屋 南,28,12,6.92,2,0.13,112.5,4,3,4680,後 藤 美 翼,32,39,6.89,3,0.21,114.5,5,4,4784,向井田 真 紀,68,44,6.92,4,0.21,,6,6,5155,内 山 七 海,37,36,6.9,6,0.17,
202303031806,マクール杯争奪徳山ヴィーナスシリーズ第２２戦,第4日,2023/03/03,徳山,06R,予選,1800,晴,南,1,1,,5,1700,5,270,3,100,5-3,6030,17,3-5,1300,6,3-5,270,5,1-5,620,11,1-3,220,3,5-3-1,34110,66,1-3-5,1510,6,1,5,4993,下 野 京 香,44,41,6.89,5,0.18,111.0,2,3,4738,清 埜 翔 子,54,43,6.91,3,0.18,112.2,3,1,5123,福 山 恵里奈,48,55,6.89,1,0.25,112.4,4,2,4317,木 村 紗友希,16,15,6.94,2,0.26,114.4,5,4,5079,大 石 真 央,29,59,6.92,4,0.22,,6,6,5231,寺 田 空 詩,50,16,6.9,6,0.19,
202303031807,マクール杯争奪徳山ヴィーナスシリーズ第２２戦,第4日,2023/03/03,徳山,07R,予選,1800,晴,南,1,1,まくり,2,170,2,100,3,160,2-3,210,1,2-3,190,1,2-3,110,1,2-4,150,2,3-4,200,4,2-3-4,480,1,2-3-4,180,1,1,2,4938,小 芦 るり華,33,20,6.89,2,0.03,109.7,2,3,4534,坂 咲友理,51,23,6.82,3,0.03,111.9,3,4,4974,安 井 瑞 紀,17,13,6.84,4,0.03,112.3,4,5,5180,藤 本 紗弥香,65,45,6.9,5,0.03,114.9,5,6,5184,飯 塚 響,14,46,6.85,6,0.1,,6,1,5192,中 尾 優 香,30,34,6.95,1,0.06,
202303031808,マクール杯争奪徳山ヴィーナスシリーズ第２２戦,第4日,2023/03/03,徳山,08R,特賞,1800,晴,南西,2,2,まくり,6,330,6,130,1,350,6-1,4060,15,1-6,1080,7,1-6,370,8,4-6,350,6,1-4,680,10,6-1-4,22480,57,1-4-6,2690,10,1,6,4964,土 屋 南,28,12,6.89,6,0.13,116.7,2,1,5182,宮 崎 安 奈,11,57,6.9,1,0.11,120.3,3,4,4791,黒 澤 めぐみ,55,56,6.9,4,0.28,123.4,4,3,3802,森 岡 ま き,43,52,6.96,3,0.19,124.7,5,5,5164,森 田 梨 湖,25,53,6.87,5,0.21,,,,,,,,,,,
202303031809,マクール杯争奪徳山ヴィーナスシリーズ第２２戦,第4日,2023/03/03,徳山,09R,予選,1800,晴,南,4,4,まくり,2,390,2,280,5,420,2-5,7050,20,2-5,2920,12,2-5,410,6,2-3,310,5,3-5,190,2,2-5-3,16510,56,2-3-5,1200,10,1,2,4844,村 上 奈 穂,15,19,6.92,2,0.29,116.6,2,5,4784,向井田 真 紀,68,44,6.92,5,0.19,119.2,3,3,4501,樋 口 由加里,24,42,6.89,3,0.29,121.4,4,6,4611,今 井 美 亜,40,67,6.95,6,0.21,124.9,5,1,5198,奥 村 明日香,21,47,6.88,1,0.38,,,,,,,,,,,
202303031810,マクール杯争奪徳山ヴィーナスシリーズ第２２戦,第4日,2023/03/03,徳山,10R,予選,1800,晴,南西,5,5,,2,450,2,160,4,130,2-4,1090,4,2-4,600,3,2-4,200,3,2-3,220,6,3-4,180,1,2-4-3,2060,4,2-3-4,520,2,1,2,4897,深 見 亜由美,12,27,6.91,2,0.27,110.0,2,4,4984,森 下 愛 梨,39,75,6.89,4,0.25,111.9,3,3,3994,茶 谷 桜,70,50,6.94,3,0.26,112.6,4,1,5072,吉 田 杏 美,20,66,6.93,1,0.29,112.7,5,5,3674,岸 恵 子,27,32,7.0,5,0.24,,6,6,4990,田 中 博 子,53,22,6.97,6,0.31,
202303031811,マクール杯争奪徳山ヴィーナスシリーズ第２２戦,第4日,2023/03/03,徳山,11R,すなっち特賞,1800,晴,南西,5,5,逃げ,1,120,1,100,3,110,1-3,190,1,1-3,170,1,1-3,110,1,1-2,200,2,2-3,260,5,1-3-2,580,2,1-2-3,310,2,1,1,4536,喜 井 つかさ,64,65,6.91,1,0.19,109.9,2,3,4938,小 芦 るり華,33,20,6.94,3,0.2,112.2,3,2,4965,福 岡 泉 水,72,74,6.93,2,0.21,112.9,4,4,4098,赤 澤 文 香,63,58,6.95,4,0.28,113.2,5,5,4548,篠 木 亜衣花,18,33,6.99,5,0.28,,6,6,3528,笠 野 友紀恵,23,28,6.95,6,0.25,
202303031812,マクール杯争奪徳山ヴィーナスシリーズ第２２戦,第4日,2023/03/03,徳山,12R,特選,1800,晴,南西,5,5,差し,2,540,2,290,3,200,2-3,1860,7,2-3,930,3,2-3,200,3,2-4,570,8,3-4,330,6,2-3-4,9080,24,2-3-4,2230,7,1,2,4738,清 埜 翔 子,54,43,6.94,2,0.09,109.8,2,3,3845,中 谷 朋 子,59,73,6.87,3,0.1,112.9,3,4,4947,間 庭 菜 摘,31,35,6.92,4,0.09,115.3,4,1,4240,今 井 裕 梨,22,40,6.87,1,0.05,118.1,5,6,4893,渡 邉 真奈美,45,72,6.94,5,0.09,,6,5,4534,坂 咲友理,51,23,6.92,6,0.15,
202303031501,第３２回　ＪＲ四国ワープ杯競走,第4日,2023/03/03,丸亀,01R,予選,1800,晴,南西,2,2,,4,320,4,180,2,130,4-2,1230,8,2-4,610,4,2-4,220,4,3-4,270,7,2-3,190,2,4-2-3,4260,26,2-3-4,550,1,1,4,4154,森 安 弘 雅,19,49,6.76,4,0.09,109.8,2,2,4060,島 田 一 生,64,33,6.76,2,0.04,110.7,3,3,4272,大 場 広 孝,48,19,6.75,3,0.05,111.6,4,6,3809,吉 田 光,43,41,6.77,6,0.04,112.4,5,5,4241,大 串 重 幸,23,6,6.71,5,0.06,116.1,,,,,,,,,,
202303031502,第３２回　ＪＲ四国ワープ杯競走,第4日,2023/03/03,丸亀,02R,予選,1800,晴,西,2,2,逃げ,1,250,1,100,3,100,1-3,500,2,1-3,320,1,1-3,120,1,1-2,380,6,2-3,420,8,1-3-2,1570,3,1-2-3,620,2,1,1,4890,石 川 諒,62,5,6.73,1,0.21,109.0,2,3,5017,澤 田 尚 也,4,57,6.69,3,0.19,109.6,3,2,3566,川 添 英 正,1,31,6.73,2,0.17,110.8,4,4,4705,吉 川 勇 作,11,66,6.7,4,0.12,111.4,5,6,4821,妻 鳥 晋 也,3,64,6.71,6,0.14,114.5,6,5,3907,村 越 篤,63,40,6.72,5,0.15,116.5
202303031503,第３２回　ＪＲ四国ワープ杯競走,第4日,2023/03/03,丸亀,03R,予選,1800,晴,南西,2,2,差し,2,140,2,110,4,950,2-4,4090,15,2-4,2180,7,2-4,930,8,2-6,1560,11,4-6,3610,15,2-4-6,39150,77,2-4-6,11380,20,1,2,4877,鈴 谷 一 平,5,2,6.69,2,0.23,109.9,2,4,3578,塩 田 雄 一,53,12,6.76,4,0.11,110.8,3,6,4872,山 下 流 心,56,30,6.81,6,0.18,111.9,4,5,3997,北 村 征 嗣,51,38,6.69,5,0.12,112.8,5,1,4301,関 裕 也,40,11,6.76,1,0.19,115.7,6,3,4931,木 谷 賢 太,45,44,6.67,3,0.06,119.8
202303031504,第３２回　ＪＲ四国ワープ杯競走,第4日,2023/03/03,丸亀,04R,予選,1800,晴,西,2,2,差し,4,200,4,130,1,100,4-1,850,2,1-4,300,1,1-4,200,1,4-5,220,2,1-5,370,10,4-1-5,2170,3,1-4-5,530,1,1,4,4278,藤 岡 俊 介,52,20,6.62,4,0.18,108.7,2,1,3935,岩 津 徹 郎,24,50,6.7,1,0.21,109.9,3,5,4543,重 木 輝 彦,27,15,6.6,5,0.27,111.5,4,3,4991,宗 行 治 哉,14,55,6.72,3,0.27,113.2,5,6,4437,中 田 元 泰,38,45,6.7,6,0.26,114.8,6,2,3211,北 川 敏 弘,44,24,6.72,2,0.3,115.4
202303031505,第３２回　ＪＲ四国ワープ杯競走,第4日,2023/03/03,丸亀,05R,予選,1800,晴,西,2,2,逃げ,1,130,1,100,2,310,1-2,480,2,1-2,600,3,1-2,240,4,1-5,190,2,2-5,250,5,1-2-5,1510,2,1-2-5,620,2,1,1,4817,渡 邉 翼,18,53,6.64,1,0.12,109.8,2,2,4346,前 田 健太郎,59,34,6.65,2,0.08,111.2,3,5,4172,森 定 晃 史,31,47,6.72,5,0.08,111.7,4,3,4154,森 安 弘 雅,19,49,6.66,3,0.09,113.2,5,6,4743,木 村 仁 紀,57,35,6.76,6,0.11,114.2,6,4,4007,榮 田 将 彦,7,61,6.7,4,0.05,116.7
202303031506,第３２回　ＪＲ四国ワープ杯競走,第4日,2023/03/03,丸亀,06R,カチ勝ち６,1800,晴,西,2,2,逃げ,1,120,1,100,3,120,1-3,180,1,1-3,200,1,1-3,100,1,1-4,190,4,3-4,300,6,1-3-4,410,1,1-3-4,230,1,1,1,4361,柳 生 泰 二,50,54,6.64,1,0.17,109.5,2,3,4184,渡 邊 雄一郎,10,18,6.67,3,0.16,110.4,3,4,4654,篠 田 優 也,41,7,6.68,4,0.15,112.1,4,2,4241,大 串 重 幸,23,6,6.72,2,0.18,113.3,5,5,3710,吉 永 泰 弘,54,65,6.76,5,0.14,114.3,6,6,3566,川 添 英 正,1,31,6.81,6,0.18,115.2
202303031507,第３２回　ＪＲ四国ワープ杯競走,第4日,2023/03/03,丸亀,07R,穴ガチ７,1800,晴,南西,1,1,差し,3,120,3,100,1,160,3-1,330,2,1-3,170,1,1-3,140,1,3-6,400,7,1-6,720,12,3-1-6,2960,12,1-3-6,1180,4,1,3,3897,白 井 英 治,39,29,6.72,3,0.02,108.2,2,1,4828,松 山 将 吾,9,22,6.73,1,0.04,109.9,3,6,4580,長谷川 雅 和,26,63,6.73,6,0.15,111.7,4,4,4794,和 田 拓 也,29,62,6.68,4,0.04,112.6,5,2,4872,山 下 流 心,56,30,6.81,2,0.08,114.2,6,5,4060,島 田 一 生,64,33,6.82,5,0.18,116.4
202303031508,第３２回　ＪＲ四国ワープ杯競走,第4日,2023/03/03,丸亀,08R,ガチ勝゛ち８  進入固定,1800,晴,南西,2,2,逃げ,1,100,1,100,4,110,1-4,450,2,1-4,400,2,1-4,160,2,1-2,120,1,2-4,170,3,1-4-2,840,3,1-2-4,300,1,1,1,4500,山 田 康 二,8,4,6.71,1,0.18,109.4,2,4,4877,鈴 谷 一 平,5,2,6.63,4,0.14,110.7,3,2,4278,藤 岡 俊 介,52,20,6.7,2,0.13,112.0,4,3,3809,吉 田 光,43,41,6.73,3,0.13,113.5,5,5,4705,吉 川 勇 作,11,66,6.76,5,0.15,113.9,6,6,4416,三 宅 健 太,37,52,6.67,6,0.25,118.3
202303031509,第３２回　ＪＲ四国ワープ杯競走,第4日,2023/03/03,丸亀,09R,予選,1800,晴,南,2,2,逃げ,1,120,1,100,3,150,1-3,170,1,1-3,170,1,1-3,130,1,1-4,210,4,3-4,200,3,1-3-4,640,2,1-3-4,450,2,1,1,5017,澤 田 尚 也,4,57,6.63,1,0.15,109.5,2,3,4771,下 寺 秀 和,2,13,6.7,3,0.14,110.7,3,4,3935,岩 津 徹 郎,24,50,6.75,4,0.24,111.7,4,5,4677,片 橋 幸 貴,34,60,6.74,5,0.17,112.5,5,2,4301,関 裕 也,40,11,6.79,2,0.17,115.1,6,6,4007,榮 田 将 彦,7,61,6.8,6,0.23,115.7
202303031510,第３２回　ＪＲ四国ワープ杯競走,第4日,2023/03/03,丸亀,10R,まるがめ特賞,1800,晴,南,1,1,逃げ,1,100,1,100,4,210,1-4,290,1,1-4,240,1,1-4,130,1,1-3,230,3,3-4,250,6,1-4-3,1030,3,1-3-4,450,1,1,1,4184,渡 邊 雄一郎,10,18,6.65,1,0.28,109.2,2,4,4543,重 木 輝 彦,27,15,6.63,4,0.19,110.4,3,3,4890,石 川 諒,62,5,6.7,3,0.25,112.2,4,6,4772,石 丸 海 渡,33,37,6.74,6,0.09,112.4,5,2,3578,塩 田 雄 一,53,12,6.76,2,0.29,113.6,6,5,4346,前 田 健太郎,59,34,6.74,5,0.16,117.4
202303031511,第３２回　ＪＲ四国ワープ杯競走,第4日,2023/03/03,丸亀,11R,一般選抜,1800,晴,南東,1,1,逃げ,1,120,1,100,3,130,1-3,360,2,1-3,320,2,1-3,170,1,1-4,470,7,3-4,920,13,1-3-4,2510,11,1-3-4,1210,8,1,1,4172,森 定 晃 史,31,47,6.71,1,0.07,109.3,2,3,3907,村 越 篤,63,40,6.72,3,0.18,109.9,3,4,4272,大 場 広 孝,48,19,6.7,4,0.14,111.7,4,6,4361,柳 生 泰 二,50,54,6.61,6,0.09,111.9,5,5,4931,木 谷 賢 太,45,44,6.68,5,0.09,113.2,6,2,4828,松 山 将 吾,9,22,6.77,2,0.18,115.6
202303031512,第３２回　ＪＲ四国ワープ杯競走,第4日,2023/03/03,丸亀,12R,一般選抜,1800,晴,南東,1,1,逃げ,1,110,1,100,5,160,1-5,310,1,1-5,200,1,1-5,110,1,1-2,130,2,2-5,210,3,1-5-2,760,1,1-2-5,320,1,1,1,3997,北 村 征 嗣,51,38,6.67,1,0.11,108.4,2,5,3897,白 井 英 治,39,29,6.76,5,0.17,109.1,3,2,4743,木 村 仁 紀,57,35,6.76,2,0.13,111.7,4,3,4654,篠 田 優 也,41,7,6.73,3,0.12,112.9,5,6,4500,山 田 康 二,8,4,6.81,6,0.19,114.6,6,4,4821,妻 鳥 晋 也,3,64,6.78,4,0.19,119.2
202303031301,スカパー！・ＪＬＣ杯　尼崎ルーキーシリーズ第３戦,第5日,2023/03/03,尼崎,01R,朝からセンプ,1800,晴,南,2,0,逃げ,1,130,1,100,2,440,1-2,1050,5,1-2,580,3,1-2,410,5,1-5,450,6,2-5,1530,12,1-2-5,5090,16,1-2-5,2430,7,1,1,5039,倉 田 茂 将,36,50,6.76,1,0.21,115.8,2,2,5186,遠 藤 圭 吾,47,33,6.82,2,0.22,119.2,3,5,5247,大 森 翼,54,63,6.75,5,0.21,121.1,4,6,5216,長谷川 晴 哉,35,18,6.81,6,0.17,124.1,5,3,5145,島 川 海 輝,15,20,6.8,3,0.31,127.7,,,,,,,,,,
202303031302,スカパー！・ＪＬＣ杯　尼崎ルーキーシリーズ第３戦,第5日,2023/03/03,尼崎,02R,一般,1800,晴,,0,0,逃げ,1,200,1,100,5,210,1-5,710,3,1-5,370,2,1-5,210,2,1-6,590,8,5-6,1830,13,1-5-6,3640,13,1-5-6,1860,8,1,1,4982,中 村 将 隆,51,29,6.76,1,0.24,118.1,2,5,5070,中 島 航,22,41,6.85,5,0.27,120.5,3,6,5047,國 分 将太郎,3,69,6.82,6,0.29,124.3,4,4,4986,西 山 祐 希,33,55,6.9,4,0.3,133.8,5,3,5175,島 崎 丈一朗,31,49,6.86,3,0.31,140.4,,,,,,,,,,
202303031303,スカパー！・ＪＬＣ杯　尼崎ルーキーシリーズ第３戦,第5日,2023/03/03,尼崎,03R,一般,1800,晴,南西,3,0,逃げ,1,140,1,140,4,460,1-4,440,3,1-4,350,3,1-4,150,2,1-5,350,4,4-5,1030,11,1-4-5,2520,9,1-4-5,1050,6,1,1,5051,松 本 純 平,14,54,6.67,1,0.22,108.6,2,4,5004,河 野 主 樹,45,12,6.79,4,0.12,110.0,3,5,5074,大 澤 誠 也,24,60,6.8,5,0.09,111.6,4,3,5120,山 本 稔太朗,41,30,6.76,3,0.16,112.9,5,2,5160,藤 森 陸 斗,28,34,6.8,2,0.27,115.7,6,6,5246,楠 将太郎,57,11,6.76,6,0.18,117.3
202303031304,スカパー！・ＪＬＣ杯　尼崎ルーキーシリーズ第３戦,第5日,2023/03/03,尼崎,04R,一般,1800,晴,,0,0,逃げ,1,110,1,100,2,190,1-2,280,1,1-2,260,1,1-2,130,1,1-5,190,4,2-5,190,3,1-2-5,650,1,1-2-5,330,1,1,1,5015,高 橋 竜 矢,52,52,6.71,1,0.22,107.5,2,2,5049,松 井 友 汰,1,62,6.73,2,0.23,108.9,3,5,5060,数 原 魁,60,32,6.7,5,0.27,111.6,4,4,4978,山 田 和 佐,62,16,6.78,4,0.41,112.9,5,3,5221,竹 間 隆 晟,19,31,6.76,3,0.25,113.1,6,6,5201,村 上 宗太郎,37,57,6.85,6,0.29,116.8
202303031305,スカパー！・ＪＬＣ杯　尼崎ルーキーシリーズ第３戦,第5日,2023/03/03,尼崎,05R,一般,1800,晴,西,3,0,逃げ,1,140,1,210,5,740,1-5,3020,11,1-5,3010,8,1-5,390,6,1-3,330,5,3-5,720,10,1-5-3,14870,38,1-3-5,3420,9,1,1,5139,大 場 恒 季,39,48,6.76,1,0.18,107.7,2,5,5216,長谷川 晴 哉,35,18,6.76,5,0.16,109.9,3,3,4977,馬 野 耀,59,68,6.84,3,0.14,111.3,4,2,4995,田 邉 亮 蔵,29,42,6.77,2,0.2,112.0,5,4,5043,中 村 日 向,56,44,6.73,4,0.11,113.1,6,6,5161,登 玉 隼 百,26,40,6.8,6,0.15,113.8
202303031306,スカパー！・ＪＬＣ杯　尼崎ルーキーシリーズ第３戦,第5日,2023/03/03,尼崎,06R,昼どきピンク,1800,晴,南西,2,0,逃げ,1,120,1,100,3,150,1-3,180,1,1-3,110,1,1-3,110,1,1-5,250,5,3-5,210,3,1-3-5,520,2,1-3-5,300,2,1,1,5002,上 田 健 太,58,71,6.69,1,0.17,109.2,2,3,5121,定 松 勇 樹,11,21,6.72,3,0.14,109.4,3,5,5255,藤 原 仙 二,2,56,6.74,5,0.18,111.4,4,2,5022,伊 藤 尚 汰,61,35,6.69,2,0.19,113.1,5,6,5257,西 丸 侑太朗,50,45,6.73,6,0.23,113.3,6,4,5175,島 崎 丈一朗,31,24,6.83,4,0.18,117.5
202303031307,スカパー！・ＪＬＣ杯　尼崎ルーキーシリーズ第３戦,第5日,2023/03/03,尼崎,07R,一般,1800,晴,南,3,0,逃げ,1,110,1,100,2,220,1-2,380,2,1-2,380,2,1-2,180,3,1-5,170,2,2-5,330,8,1-2-5,820,3,1-2-5,300,2,1,1,5089,前 田 翔,44,64,6.74,1,0.21,109.1,2,2,5070,中 島 航,22,41,6.81,2,0.28,109.9,3,5,4980,佐々木 完 太,7,28,6.79,4,0.21,111.3,4,4,5014,梶 山 涼 斗,32,46,6.76,5,0.22,113.1,5,3,5044,渡 邉 健,23,22,6.76,3,0.21,115.5,6,6,5246,楠 将太郎,57,11,6.8,6,0.27,117.1
202303031308,スカパー！・ＪＬＣ杯　尼崎ルーキーシリーズ第３戦,第5日,2023/03/03,尼崎,08R,一般,1800,晴,南西,5,3,逃げ,1,100,1,100,2,120,1-2,240,1,1-2,250,1,1-2,270,3,1-4,310,4,2-4,620,7,1-2-4,600,1,1-2-4,320,1,1,1,5026,安河内 健,9,73,6.7,1,0.24,109.6,2,2,5125,高 井 雄 基,30,27,6.76,2,0.25,110.6,3,4,5224,西 岡 顕 心,13,74,6.76,4,0.24,111.7,4,3,5074,大 澤 誠 也,24,60,6.76,3,0.24,113.3,5,5,5186,遠 藤 圭 吾,47,33,6.76,5,0.21,113.8,6,6,5147,田 中 勇 輔,18,14,6.75,6,0.19,115.2
202303031309,スカパー！・ＪＬＣ杯　尼崎ルーキーシリーズ第３戦,第5日,2023/03/03,尼崎,09R,一般,1800,晴,南西,5,3,まくり,4,1410,4,370,5,350,4-5,3780,9,4-5,2150,6,4-5,910,11,4-6,840,10,5-6,990,13,4-5-6,14730,35,4-5-6,5100,16,1,4,5247,大 森 翼,54,63,6.69,4,0.08,108.2,2,5,5191,飛 田 江 己,25,37,6.76,5,0.09,110.7,3,6,5120,山 本 稔太朗,41,30,6.79,6,0.14,111.3,4,1,5075,中 島 秀 治,34,65,6.71,1,0.22,112.1,5,3,5126,山 下 大 輝,4,43,6.75,3,0.19,114.1,6,2,4986,西 山 祐 希,33,55,6.8,2,0.18,115.6
202303031310,スカパー！・ＪＬＣ杯　尼崎ルーキーシリーズ第３戦,第5日,2023/03/03,尼崎,10R,準優勝戦,1800,晴,南西,2,0,逃げ,1,110,1,100,6,340,1-6,2150,6,1-6,1750,5,1-6,500,6,1-3,280,4,3-6,1510,14,1-6-3,8400,22,1-3-6,1930,9,1,1,5121,定 松 勇 樹,11,21,6.66,1,0.09,108.3,2,6,4977,馬 野 耀,59,68,6.76,6,0.15,109.1,3,3,4982,中 村 将 隆,51,29,6.69,3,0.06,112.1,4,4,5060,数 原 魁,60,32,6.69,4,0.01,112.9,5,2,5039,倉 田 茂 将,36,50,6.71,2,0.07,113.1,6,5,5160,藤 森 陸 斗,28,34,6.78,5,0.07,115.6
202303031311,スカパー！・ＪＬＣ杯　尼崎ルーキーシリーズ第３戦,第5日,2023/03/03,尼崎,11R,準優勝戦,1800,晴,西,4,0,逃げ,1,130,1,140,2,140,1-2,170,1,1-2,170,1,1-2,110,1,1-5,210,4,2-5,710,8,1-2-5,1340,5,1-2-5,600,3,1,1,4980,佐々木 完 太,7,28,6.74,1,0.11,108.3,2,2,5015,高 橋 竜 矢,52,52,6.71,2,0.11,109.4,3,5,5002,上 田 健 太,58,71,6.77,5,0.11,111.6,4,3,5139,大 場 恒 季,39,48,6.82,3,0.08,112.6,5,4,5051,松 本 純 平,14,54,6.7,4,0.11,112.8,6,6,5134,大 原 祥 昌,38,26,6.8,6,0.09,113.4
202303031312,スカパー！・ＪＬＣ杯　尼崎ルーキーシリーズ第３戦,第5日,2023/03/03,尼崎,12R,準優勝戦,1800,晴,南西,3,0,逃げ,1,100,1,100,6,600,1-6,2460,6,1-6,1960,5,1-6,380,6,1-2,170,2,2-6,1920,13,1-6-2,9750,24,1-2-6,1890,7,1,1,5043,中 村 日 向,56,44,6.73,1,0.17,106.9,2,6,5004,河 野 主 樹,45,12,6.72,5,0.17,109.5,3,2,5028,原 田 才一郎,17,23,6.77,2,0.19,110.8,4,3,5089,前 田 翔,44,64,6.74,3,0.16,111.7,5,5,5026,安河内 健,9,73,6.75,4,0.15,112.3,6,4,5221,竹 間 隆 晟,19,31,6.74,6,0.35,112.8
202303031201,東京大阪福岡三都市対抗　アクアコンシェルジュカップ,第5日,2023/03/03,住之江,01R,一般戦,1800,晴,南,1,1,差し,5,2620,5,200,1,120,5-1,4620,12,1-5,1150,4,1-5,330,9,2-5,290,6,1-2,120,1,5-1-2,19170,41,1-2-5,910,5,1,5,4729,佐 藤 謙史朗,30,83,6.81,5,0.14,108.3,2,1,4487,三 原 司,66,80,6.77,1,0.14,110.1,3,2,4639,雑 賀 勇 貴,35,22,6.81,2,0.18,111.5,4,4,4895,門 間 雄 大,55,53,6.85,4,0.16,112.8,5,3,4568,廣 瀬 真 也,67,39,6.84,3,0.2,114.1,6,6,5235,岩 田 凌,61,10,6.83,6,0.21,114.6
202303031202,東京大阪福岡三都市対抗　アクアコンシェルジュカップ,第5日,2023/03/03,住之江,02R,一般戦,1800,晴,,0,1,差し,2,180,2,130,1,120,2-1,250,1,1-2,180,1,1-2,160,2,2-3,610,6,1-3,550,4,2-1-3,1640,5,1-2-3,450,2,1,2,3613,角 谷 健 吾,51,37,6.81,2,0.2,109.8,2,1,3243,佐 野 隆 仁,76,64,6.87,1,0.22,110.4,3,3,4438,森 作 雄 大,54,70,6.82,3,0.16,111.7,4,5,4883,岡 部 大 輝,26,20,6.88,5,0.21,113.2,5,4,5073,上 原 健次郎,16,82,6.77,4,0.21,113.4,6,6,4329,小 松 卓 司,69,35,6.84,6,0.27,117.1
202303031203,東京大阪福岡三都市対抗　アクアコンシェルジュカップ,第5日,2023/03/03,住之江,03R,一般戦,1800,晴,南東,2,1,差し,5,530,5,150,1,100,5-1,700,3,1-5,360,2,1-5,380,2,4-5,420,4,1-4,840,9,5-1-4,3210,12,1-4-5,630,2,1,5,4397,西 村 拓 也,32,78,6.76,3,0.13,107.8,2,1,4538,笠 置 博 之,63,23,6.78,1,0.15,110.0,3,4,3877,松 浦 博 人,31,76,6.85,5,0.15,111.8,4,3,4234,野 相 弘 司,60,50,6.86,4,0.13,112.6,5,2,4549,小 林 文 彦,74,89,6.78,2,0.16,113.8,6,6,4268,和 合 俊 介,18,55,6.81,6,0.11,115.5
202303031204,東京大阪福岡三都市対抗　アクアコンシェルジュカップ,第5日,2023/03/03,住之江,04R,一般戦,1800,晴,南,2,1,まくり,4,250,4,100,5,350,4-5,1130,6,4-5,700,3,4-5,290,5,1-4,160,1,1-5,450,8,4-5-1,3500,12,1-4-5,740,4,1,4,4044,湯 川 浩 司,65,27,6.8,4,0.16,109.3,2,5,4195,前 川 守 嗣,62,73,6.85,5,0.18,110.4,3,1,5009,大 賀 龍之介,11,71,6.88,1,0.22,112.4,4,2,4274,長 畑 友 輔,14,16,6.87,2,0.25,113.2,5,6,4653,小 野 達 哉,58,15,6.77,6,0.18,113.4,6,3,3928,林 恵 祐,50,12,6.87,3,0.22,113.9
202303031205,東京大阪福岡三都市対抗　アクアコンシェルジュカップ,第5日,2023/03/03,住之江,05R,一般戦,1800,晴,南東,2,1,差し,2,200,2,170,3,1070,2-3,2210,10,2-3,2220,9,2-3,450,8,2-6,170,1,3-6,620,9,2-3-6,4970,21,2-3-6,1360,6,1,2,3792,田 中 豪,19,51,6.85,2,0.21,108.7,2,3,4245,高 橋 直 哉,37,38,6.85,3,0.2,109.4,3,6,4427,秦 英 悟,56,68,6.75,6,0.2,111.1,4,1,4632,長 尾 京志郎,78,33,6.9,1,0.2,111.8,5,4,4934,佐々木 翔 斗,21,18,6.82,4,0.18,112.9,6,5,4169,多 田 有 佑,70,34,6.86,5,0.2,113.5
202303031206,東京大阪福岡三都市対抗　アクアコンシェルジュカップ,第5日,2023/03/03,住之江,06R,一般戦,1800,晴,,0,1,差し,5,710,5,280,1,100,5-1,2430,7,1-5,680,4,1-5,250,3,5-6,350,7,1-6,280,5,5-1-6,5820,21,1-5-6,770,3,1,5,4640,山ノ内 雅 人,34,29,6.84,5,0.09,108.5,2,1,3681,山 谷 央,10,14,6.77,1,0.23,109.5,3,6,4614,石 倉 洋 行,53,36,6.8,6,0.09,110.0,4,4,3977,山 本 兼 士,79,11,6.77,4,0.07,110.3,5,3,5073,上 原 健次郎,16,82,6.79,3,0.11,111.7,6,2,4325,新 出 浩 司,25,66,6.84,2,0.11,113.6
202303031207,東京大阪福岡三都市対抗　アクアコンシェルジュカップ,第5日,2023/03/03,住之江,07R,一般戦,1800,晴,南東,1,1,逃げ,1,100,1,110,4,330,1-4,520,3,1-4,420,3,1-4,200,4,1-5,180,2,4-5,200,5,1-4-5,920,2,1-4-5,400,2,1,1,3898,平 田 忠 則,68,75,6.8,1,0.08,109.5,2,4,3715,倉 尾 大 介,28,13,6.82,4,0.13,110.3,3,5,3915,繁野谷 圭 介,83,67,6.79,5,0.11,111.1,4,3,3911,鈴 木 猛,38,86,6.81,3,0.13,113.2,5,2,4268,和 合 俊 介,18,55,6.83,2,0.11,113.5,6,6,4895,門 間 雄 大,55,53,6.88,6,0.13,117.3
202303031208,東京大阪福岡三都市対抗　アクアコンシェルジュカップ,第5日,2023/03/03,住之江,08R,一般戦,1800,晴,北東,1,1,逃げ,1,110,1,100,3,490,1-3,270,2,1-3,260,2,1-3,130,2,1-2,130,1,2-3,230,5,1-3-2,560,2,1-2-3,240,1,1,1,4908,上 田 龍 星,15,25,6.7,1,0.11,108.3,2,3,4666,日 笠 勝 弘,52,62,6.79,3,0.14,109.4,3,2,4195,前 川 守 嗣,62,73,6.85,2,0.14,111.2,4,5,4234,野 相 弘 司,60,50,6.86,5,0.17,112.4,5,4,4728,山 口 亮,24,65,6.86,4,0.16,112.9,6,6,4905,土 井 祥 伍,59,61,6.84,6,0.2,114.3
202303031209,東京大阪福岡三都市対抗　アクアコンシェルジュカップ,第5日,2023/03/03,住之江,09R,準優勝戦,1800,晴,,0,1,逃げ,1,120,1,100,3,100,1-3,190,1,1-3,170,1,1-3,130,1,1-6,670,9,3-6,920,12,1-3-6,2490,9,1-3-6,1270,5,1,1,4653,小 野 達 哉,58,15,6.81,1,0.18,108.1,2,3,4044,湯 川 浩 司,65,27,6.78,3,0.14,110.2,3,6,4549,小 林 文 彦,74,89,6.85,6,0.18,111.4,4,2,4934,佐々木 翔 斗,21,18,6.83,2,0.14,112.2,5,4,3792,田 中 豪,19,51,6.92,4,0.18,113.0,6,5,4568,廣 瀬 真 也,67,39,6.81,5,0.16,113.2
202303031210,東京大阪福岡三都市対抗　アクアコンシェルジュカップ,第5日,2023/03/03,住之江,10R,準優勝戦,1800,晴,,0,1,逃げ,1,100,1,100,2,120,1-2,180,1,1-2,170,1,1-2,140,1,1-4,190,3,2-4,340,6,1-2-4,630,2,1-2-4,370,2,1,1,4427,秦 英 悟,56,68,6.79,1,0.07,107.7,2,2,3898,平 田 忠 則,68,75,6.88,2,0.05,109.0,3,4,4325,新 出 浩 司,25,66,6.87,4,0.08,111.2,4,5,4487,三 原 司,66,80,6.78,5,0.11,112.3,5,3,3877,松 浦 博 人,31,76,6.86,3,0.08,117.0,6,6,5009,大 賀 龍之介,11,71,6.89,6,0.29,120.9
202303031211,東京大阪福岡三都市対抗　アクアコンシェルジュカップ,第5日,2023/03/03,住之江,11R,準優勝戦,1800,晴,,0,1,逃げ,1,100,1,100,2,100,1-2,220,1,1-2,160,1,1-2,110,1,1-3,150,3,2-3,140,2,1-2-3,380,1,1-2-3,190,1,1,1,4614,石 倉 洋 行,53,36,6.77,1,0.19,107.5,2,2,4397,西 村 拓 也,32,78,6.77,2,0.2,109.0,3,3,4908,上 田 龍 星,15,25,6.82,3,0.18,111.1,4,5,3613,角 谷 健 吾,51,37,6.79,5,0.19,113.7,5,6,4632,長 尾 京志郎,78,33,6.9,6,0.18,113.8,6,4,3243,佐 野 隆 仁,76,64,6.88,4,0.18,115.4
202303031212,東京大阪福岡三都市対抗　アクアコンシェルジュカップ,第5日,2023/03/03,住之江,12R,一般戦,1800,晴,,0,1,逃げ,1,100,1,100,2,140,1-2,180,1,1-2,130,1,1-2,120,1,1-3,160,2,2-3,170,3,1-2-3,470,1,1-2-3,250,1,1,1,3915,繁野谷 圭 介,83,67,6.79,1,0.13,108.7,2,2,4640,山ノ内 雅 人,34,29,6.77,2,0.09,109.9,3,3,4538,笠 置 博 之,63,23,6.79,3,0.09,111.3,4,6,3800,牧 宏 次,77,57,6.78,6,0.35,112.1,5,4,4245,高 橋 直 哉,37,38,6.81,4,0.2,112.4,6,5,4211,村 田 敦,39,81,6.89,5,0.22,116.6
202303031001,新東通信杯,第4日,2023/03/03,三国,01R,みくにあさイ,1800,晴,南東,3,3,逃げ,1,130,1,100,5,430,1-5,640,3,1-5,640,4,1-5,310,5,1-6,430,7,5-6,1410,13,1-5-6,5990,18,1-5-6,3020,10,1,1,3893,汐 崎 正 則,32,31,6.77,1,0.18,110.1,2,5,5046,松 山 裕 基,41,24,6.84,5,0.13,111.1,3,6,5157,市 川 健 太,62,17,6.71,6,0.25,111.8,4,4,3620,信 濃 由 行,45,40,6.79,4,0.19,112.3,5,3,4911,片 岡 大 地,42,48,6.84,3,0.16,,6,2,5143,常 盤 海 心,64,46,6.79,2,0.17,
202303031002,新東通信杯,第4日,2023/03/03,三国,02R,みくにあさガ,1800,晴,南東,3,3,差し,3,440,3,240,1,120,3-1,1840,5,1-3,500,2,1-3,100,1,2-3,250,5,1-2,110,2,3-1-2,5150,13,1-2-3,160,1,1,3,3629,浅 見 昌 克,55,21,6.71,3,0.23,109.3,2,1,4415,下 出 卓 矢,66,34,6.61,1,0.28,110.9,3,2,3563,堤 昇,13,43,6.75,2,0.32,112.9,4,5,4062,後 藤 陽 介,11,47,6.73,5,0.13,113.4,5,4,5085,中 村 栄 治,20,38,6.79,4,0.11,,6,6,5249,三 木 晴 斗,34,25,6.8,6,0.02,
202303031003,新東通信杯,第4日,2023/03/03,三国,03R,みくにあさズ,1800,晴,南東,3,3,逃げ,1,130,1,100,3,100,1-3,260,1,1-3,140,1,1-3,180,2,1-5,390,6,3-5,430,7,1-3-5,1150,5,1-3-5,470,3,1,1,4228,吉 田 慎二郎,12,13,6.63,1,0.19,108.6,2,3,3721,守 田 俊 介,18,50,6.85,3,0.12,110.2,3,5,4119,泥 谷 一 毅,21,32,6.69,5,0.18,112.8,4,2,4711,前 出 達 吉,24,33,6.8,2,0.17,113.8,5,6,4800,小 寺 拳 人,16,39,6.71,6,0.29,,6,4,4449,中 嶋 達 也,44,54,6.63,4,0.16,
202303031004,新東通信杯,第4日,2023/03/03,三国,04R,みくにあさ推,1800,晴,南東,3,3,逃げ,1,100,1,100,2,260,1-2,340,2,1-2,260,1,1-2,220,4,1-4,150,2,2-4,260,6,1-2-4,740,2,1-2-4,370,2,1,1,4472,尾 嶋 一 広,25,11,6.71,1,0.13,108.4,2,2,3664,鈴 木 賢 一,58,53,6.79,2,0.13,110.7,3,4,3489,大 場 敏,38,45,6.75,4,0.15,111.3,4,5,4572,渡 部 悟,23,23,6.79,5,0.13,112.3,5,3,4650,中 山 雄 太,57,37,6.73,3,0.13,,6,6,4327,加 藤 翔,65,42,6.79,6,0.16,
202303031005,新東通信杯,第4日,2023/03/03,三国,05R,一般,1800,晴,西,1,1,逃げ,3,180,3,100,2,270,3-2,1050,5,2-3,720,4,2-3,230,5,3-5,140,1,2-5,500,8,3-2-5,2700,10,2-3-5,930,6,1,3,3159,江 口 晃 生,60,19,6.75,1,0.05,107.5,2,2,4293,鈴 木 智 啓,35,16,6.83,3,0.11,109.5,3,5,4594,谷 川 祐 一,53,35,6.75,5,0.12,110.7,4,1,5046,松 山 裕 基,41,24,6.77,2,0.09,111.5,5,6,4152,深 水 慎一郎,15,14,6.73,6,0.22,,6,4,3882,新 田 智 彰,43,52,6.73,4,0.13,
202303031006,新東通信杯,第4日,2023/03/03,三国,06R,一般,1800,晴,西,1,1,逃げ,1,430,1,270,2,410,1-2,2360,11,1-2,1500,6,1-2,390,8,1-3,220,3,2-3,130,1,1-2-3,5490,22,1-2-3,540,4,1,1,4911,片 岡 大 地,42,48,6.77,1,0.06,111.2,2,2,4692,酒 井 俊 弘,56,22,6.69,2,0.19,114.2,3,3,4659,木 下 翔 太,14,44,6.82,3,0.09,116.6,4,4,4850,野 中 一 平,59,15,6.78,4,0.06,120.0,5,5,5249,三 木 晴 斗,34,25,6.83,6,0.04,,,,,,,,,,,
202303031007,新東通信杯,第4日,2023/03/03,三国,07R,一般,1800,晴,西,2,2,まくり,2,310,2,200,5,1830,2-5,8640,23,2-5,4900,13,2-5,940,12,2-6,780,10,5-6,2310,15,2-5-6,34880,80,2-5-6,6450,17,1,2,4119,泥 谷 一 毅,21,32,6.75,2,0.08,109.3,2,5,3620,信 濃 由 行,45,40,6.9,5,0.16,111.0,3,6,4128,川 口 貴 久,33,55,6.9,6,0.11,112.1,4,4,4116,川 田 正 人,36,30,6.77,4,0.17,112.3,5,1,5085,中 村 栄 治,20,38,6.82,1,0.11,,6,3,4404,岸 蔭 亮,39,36,6.84,3,0.14,
202303031008,新東通信杯,第4日,2023/03/03,三国,08R,一般,1800,晴,西,2,2,差し,3,210,3,190,2,250,3-2,690,3,2-3,400,2,2-3,210,3,3-4,190,2,2-4,360,7,3-2-4,1910,6,2-3-4,590,3,1,3,3946,赤 岩 善 生,22,18,6.8,3,0.18,108.1,2,2,3873,別 府 昌 樹,40,27,6.96,2,0.18,110.3,3,4,4650,中 山 雄 太,57,37,6.82,4,0.17,112.2,4,6,5143,常 盤 海 心,64,46,6.92,6,0.13,113.2,5,5,3664,鈴 木 賢 一,58,53,6.86,5,0.16,,6,1,4449,中 嶋 達 也,44,54,6.77,1,0.21,
202303031009,新東通信杯,第4日,2023/03/03,三国,09R,一般,1800,晴,南西,1,1,逃げ,1,120,1,140,4,170,1-4,310,1,1-4,200,1,1-4,140,2,1-3,140,1,3-4,260,5,1-4-3,600,1,1-3-4,260,1,1,1,4163,山 崎 裕 司,17,41,6.77,1,0.12,109.2,2,4,4812,西 野 雄 貴,54,29,6.79,4,0.09,109.6,3,3,4062,後 藤 陽 介,11,47,6.84,3,0.11,111.7,4,6,4887,富 澤 祐 作,46,20,6.83,5,0.07,113.5,5,5,5157,市 川 健 太,62,17,6.9,6,0.27,,6,2,4800,小 寺 拳 人,16,39,6.86,2,0.14,
202303031010,新東通信杯,第4日,2023/03/03,三国,10R,準優勝戦,1800,晴,西,2,2,逃げ,1,130,1,100,6,520,1-6,2440,7,1-6,1760,7,1-6,700,8,1-2,260,3,2-6,1810,13,1-6-2,9410,29,1-2-6,1710,8,1,1,3721,守 田 俊 介,18,50,6.88,1,0.09,108.3,2,6,4692,酒 井 俊 弘,56,22,6.71,6,0.11,109.2,3,2,3882,新 田 智 彰,43,52,6.86,2,0.12,111.0,4,5,4415,下 出 卓 矢,66,34,6.76,5,0.07,111.8,5,4,4293,鈴 木 智 啓,35,16,6.92,4,0.12,,6,3,4472,尾 嶋 一 広,25,11,6.77,3,0.16,
202303031011,新東通信杯,第4日,2023/03/03,三国,11R,準優勝戦,1800,晴,西,2,2,差し,3,2110,3,460,2,100,3-2,6730,11,2-3,1980,5,2-3,210,3,1-3,110,1,1-2,120,2,3-2-1,13620,25,1-2-3,180,1,1,3,3489,大 場 敏,38,45,6.82,3,0.15,108.5,2,2,4659,木 下 翔 太,14,44,6.86,2,0.08,110.1,3,1,3159,江 口 晃 生,60,19,6.79,1,0.08,111.4,4,6,3893,汐 崎 正 則,32,31,6.86,6,0.16,112.9,5,4,4711,前 出 達 吉,24,33,6.86,4,0.07,,6,5,3629,浅 見 昌 克,55,21,6.9,5,0.07,
202303031012,新東通信杯,第4日,2023/03/03,三国,12R,準優勝戦,1800,晴,西,3,3,逃げ,1,100,1,100,2,160,1-2,160,1,1-2,210,1,1-2,120,2,1-4,100,1,2-4,320,7,1-2-4,510,1,1-2-4,300,1,1,1,3946,赤 岩 善 生,22,18,6.77,1,0.08,107.5,2,2,4850,野 中 一 平,59,15,6.88,2,0.07,109.4,3,4,4594,谷 川 祐 一,53,35,6.84,4,0.08,110.7,4,3,4572,渡 部 悟,23,23,6.84,3,0.2,112.3,5,5,3563,堤 昇,13,43,6.81,5,0.11,,6,6,4228,吉 田 慎二郎,12,13,6.67,6,0.09,
202303030801,第４回サンゴくんカップ,第1日,2023/03/03,常滑,01R,予選,1800,晴,北,2,1,まくり,4,380,4,270,5,610,4-5,1600,6,4-5,1820,5,4-5,1100,5,1-4,470,3,1-5,450,2,4-5-1,3230,13,1-4-5,680,4,1,4,4761,山 田 晃 大,29,75,6.65,4,0.14,109.1,2,5,3736,岡 本 猛,22,18,6.72,5,0.04,110.4,3,1,4759,今 泉 友 吾,4,25,6.73,1,0.23,112.1,4,6,4464,山 下 友 貴,11,28,6.73,6,0.12,113.0,5,2,4167,片 岡 秀 樹,10,29,6.77,2,0.28,,6,3,3922,菅 沼 佳 昭,28,37,6.68,3,0.3,
202303030802,第４回サンゴくんカップ,第1日,2023/03/03,常滑,02R,予選,1800,晴,西,2,1,差し,3,710,3,230,1,110,3-1,1110,4,1-3,390,1,1-3,150,1,3-6,200,3,1-6,200,2,3-1-6,2180,8,1-3-6,530,1,1,3,4730,土 屋 実沙希,20,52,6.66,3,0.27,110.3,2,1,4059,入 澤 友 治,6,54,6.77,1,0.32,111.8,3,6,3918,深 井 利 寿,51,41,6.73,6,0.22,113.1,4,4,3602,奥 平 拓 也,37,13,6.78,4,0.22,113.2,5,2,3895,堀 本 裕 也,46,62,6.75,2,0.3,,6,5,4389,伊 藤 喜 智,42,66,6.75,5,0.23,
202303030803,第４回サンゴくんカップ,第1日,2023/03/03,常滑,03R,予選,1800,晴,西,2,1,逃げ,1,240,1,210,3,300,1-3,650,2,1-3,580,2,1-3,330,4,1-5,700,11,3-5,1090,13,1-3-5,7770,32,1-3-5,3990,12,1,1,4273,佐 藤 旭,57,21,6.74,1,0.15,109.9,2,3,4183,宇 野 弥 生,41,73,6.82,3,0.15,111.3,3,5,5172,田 村 慶,3,42,6.83,5,0.17,112.3,4,6,3412,鈴 木 博,34,32,6.84,6,0.13,113.4,5,2,4428,有 賀 達 也,56,69,6.74,2,0.13,,6,4,3268,森 竜 也,23,39,6.8,4,0.17,
202303030804,第４回サンゴくんカップ,第1日,2023/03/03,常滑,04R,予選,1800,晴,西,2,1,まくり,1,290,1,190,5,100,1-5,680,2,1-5,320,1,1-5,100,1,1-6,170,3,5-6,170,2,1-5-6,1710,1,1-5-6,460,1,1,1,4842,山 下 昂 大,39,65,6.59,6,0.05,108.9,2,5,3024,西 島 義 則,45,12,6.71,1,0.18,109.7,3,6,3999,大 瀧 明日香,19,31,6.68,5,0.18,112.1,4,4,4200,早 川 尚 人,48,23,6.68,4,0.21,112.3,5,2,4691,水 原 慎,8,27,6.73,2,0.07,,6,3,3294,野 中 義 生,50,56,6.74,3,0.14,
202303030805,第４回サンゴくんカップ,第1日,2023/03/03,常滑,05R,予選,1800,晴,西,2,1,逃げ,1,100,1,100,4,180,1-4,320,1,1-4,310,2,1-4,170,2,1-6,300,4,4-6,370,6,1-4-6,1380,3,1-4-6,680,4,1,1,4526,池 田 雄 祐,27,20,6.73,1,0.18,109.1,2,4,4466,南 佑 典,49,49,6.64,4,0.25,111.5,3,6,3347,矢 後 剛,2,14,6.64,6,0.31,112.5,4,3,4112,大久保 信一郎,53,51,6.76,3,0.27,113.0,5,2,3637,齋 藤 和 政,58,64,6.74,2,0.25,,6,5,5170,佐 藤 太 亮,18,22,6.64,5,0.28,
202303030806,第４回サンゴくんカップ,第1日,2023/03/03,常滑,06R,予選,1800,晴,西,1,0,逃げ,1,370,1,150,3,510,1-3,520,2,1-3,1070,5,1-3,220,4,1-4,140,1,3-4,210,3,1-3-4,1670,4,1-3-4,520,2,1,1,4761,山 田 晃 大,29,75,6.7,1,0.14,109.3,2,3,4635,峰 重 力 也,31,26,6.78,3,0.09,111.1,3,4,3956,横 澤 剛 治,1,67,6.74,4,0.1,111.7,4,5,3895,堀 本 裕 也,46,62,6.74,5,0.1,113.1,5,2,3533,佐 川 正 道,21,36,6.7,2,0.14,,6,6,4804,高 田 ひかる,15,71,6.62,6,0.15,
202303030807,第４回サンゴくんカップ,第1日,2023/03/03,常滑,07R,予選,1800,晴,西,1,0,逃げ,1,150,1,100,6,110,1-6,560,2,1-6,320,1,1-6,150,2,1-4,220,3,4-6,300,5,1-6-4,1650,5,1-4-6,530,3,1,1,3022,西 山 昇 一,5,60,6.71,1,0.22,110.8,2,6,3822,平 尾 崇 典,33,40,6.65,6,0.39,112.2,3,4,4389,伊 藤 喜 智,42,66,6.75,4,0.34,113.7,4,3,4167,片 岡 秀 樹,10,29,6.75,3,0.25,115.6,5,2,3591,後 藤 孝 義,17,16,6.67,2,0.29,,6,5,4222,山 口 高 志,25,47,6.76,5,0.39,
202303030808,第４回サンゴくんカップ,第1日,2023/03/03,常滑,08R,予選,1800,晴,西,1,0,差し,3,300,3,100,2,260,3-2,3250,7,2-3,1400,5,2-3,330,4,3-5,1150,11,2-5,1610,15,3-2-5,22760,50,2-3-5,9100,16,1,3,4885,大 山 千 広,54,61,6.68,3,0.12,108.8,2,2,4464,山 下 友 貴,11,28,6.72,2,0.18,110.9,3,5,4473,藤 堂 里 香,44,72,6.7,5,0.09,112.2,4,1,4183,宇 野 弥 生,41,73,6.78,1,0.16,114.0,5,6,4730,土 屋 実沙希,20,52,6.67,6,0.09,,6,4,3999,大 瀧 明日香,19,31,6.74,4,0.09,
202303030809,第４回サンゴくんカップ,第1日,2023/03/03,常滑,09R,予選特賞,1800,晴,西,1,0,逃げ,1,220,1,110,2,400,1-2,1430,5,1-2,960,5,1-2,500,7,1-6,220,2,2-6,920,12,1-2-6,4270,14,1-2-6,1400,6,1,1,3602,奥 平 拓 也,37,13,6.75,1,0.17,109.6,2,2,3922,菅 沼 佳 昭,28,50,6.69,2,0.18,111.8,3,6,4428,有 賀 達 也,56,69,6.71,5,0.16,112.8,4,4,4642,松 尾 夏 海,24,38,6.69,3,0.15,113.6,5,3,3347,矢 後 剛,2,14,6.64,6,0.17,,6,5,3294,野 中 義 生,50,56,6.78,4,0.15,
202303030810,第４回サンゴくんカップ,第1日,2023/03/03,常滑,10R,予選特賞,1800,晴,西,1,0,差し,3,290,3,110,1,150,3-1,520,1,1-3,220,1,1-3,150,1,2-3,320,7,1-2,170,2,3-1-2,2460,6,1-2-3,470,2,1,3,4842,山 下 昂 大,39,65,6.55,5,0.13,109.8,2,1,4112,大久保 信一郎,53,51,6.77,1,0.08,110.6,3,2,3736,岡 本 猛,22,18,6.71,2,0.18,112.6,4,6,3268,森 竜 也,23,39,6.73,3,0.13,114.6,5,4,4059,入 澤 友 治,6,54,6.75,4,0.17,,6,5,4635,峰 重 力 也,31,26,6.75,6,0.1,
202303030811,第４回サンゴくんカップ,第1日,2023/03/03,常滑,11R,予選特選,1800,晴,西,1,0,逃げ,1,110,1,120,5,300,1-5,700,4,1-5,570,4,1-5,280,3,1-6,360,4,5-6,1060,11,1-5-6,2700,11,1-5-6,1450,8,1,1,3956,横 澤 剛 治,1,67,6.71,1,0.15,109.0,2,5,4759,今 泉 友 吾,4,25,6.71,5,0.16,111.4,3,6,4466,南 佑 典,49,49,6.66,6,0.18,112.6,4,4,3918,深 井 利 寿,51,41,6.76,4,0.15,113.8,5,3,3022,西 山 昇 一,5,60,6.78,3,0.11,,6,2,5172,田 村 慶,3,42,6.79,2,0.16,
202303030812,第４回サンゴくんカップ,第1日,2023/03/03,常滑,12R,予選ドリーム,1800,晴,西,1,0,まくり,4,330,4,220,1,110,4-1,1500,6,1-4,660,4,1-4,220,2,2-4,280,6,1-2,230,3,4-1-2,6600,25,1-2-4,1050,4,1,4,4804,高 田 ひかる,15,71,6.6,4,0.1,110.1,2,1,3024,西 島 義 則,45,12,6.78,1,0.17,111.0,3,2,3412,鈴 木 博,34,32,6.77,2,0.21,112.5,4,5,4526,池 田 雄 祐,27,20,6.76,5,0.07,113.5,5,6,4885,大 山 千 広,54,61,6.74,6,0.11,,6,3,3822,平 尾 崇 典,33,40,6.72,3,0.27,
202303030601,薄暮だョ！第５回Ｂ級名人大集合　マクール杯,第2日,2023/03/03,浜名湖,01R,予選,1800,曇り,北西,3,2,まくり,6,2550,6,600,5,600,6-5,42250,30,5-6,6620,15,5-6,2770,15,1-6,670,10,1-5,840,13,6-5-1,124620,120,1-5-6,4430,18,1,6,3202,三 品 隆 浩,46,32,6.77,6,0.07,112.6,2,5,3507,藤 井 徹,61,46,6.85,5,0.14,116.7,3,1,3544,豊 田 訓 靖,65,40,6.79,1,0.17,118.7,4,3,3583,齋 藤 智 裕,33,52,6.81,3,0.18,120.9,,,,,,,,,,,,,,,,,,,,
202303030602,薄暮だョ！第５回Ｂ級名人大集合　マクール杯,第2日,2023/03/03,浜名湖,02R,予選,1800,曇り,北西,3,2,差し,4,1540,4,320,2,150,4-2,5960,16,2-4,2420,7,2-4,410,7,1-4,140,2,1-2,110,1,4-2-1,21600,54,1-2-4,590,1,1,4,3730,塩 崎 優 司,31,60,6.76,4,0.13,109.3,2,2,3075,中 村 裕 将,20,29,6.84,2,0.21,110.6,3,1,3432,宮 迫 暢 彦,5,67,6.71,1,0.13,111.1,4,3,3559,水 長 照 雄,18,73,6.7,3,0.16,113.0,5,6,3796,長 野 道 臣,63,74,6.67,6,0.13,,6,5,3546,中 里 昌 志,38,66,6.78,5,0.28,
202303030603,薄暮だョ！第５回Ｂ級名人大集合　マクール杯,第2日,2023/03/03,浜名湖,03R,予選,1800,曇り,北西,3,1,逃げ,1,200,1,190,5,250,1-5,2130,10,1-5,1370,6,1-5,340,4,1-3,750,8,3-5,1110,12,1-5-3,9410,39,1-3-5,1830,9,1,1,3065,増 田 弘 喜,14,26,6.75,1,0.09,110.0,2,5,3839,川 合 理 司,13,15,6.79,6,0.19,111.1,3,3,3459,中 野 和 裕,66,19,6.71,4,0.25,112.7,4,6,3565,坂 本 徳 克,58,22,6.77,5,0.18,113.7,5,4,3550,都 築 正 治,55,44,6.79,3,0.17,,6,2,3508,久 富 政 弘,52,50,6.71,2,0.17,
202303030604,薄暮だョ！第５回Ｂ級名人大集合　マクール杯,第2日,2023/03/03,浜名湖,04R,予選,1800,晴,北西,2,1,,5,230,5,130,4,100,5-4,370,2,4-5,150,1,不成立,,,,,,,,,,,,,,,1,5,3538,菊 池 峰 晴,36,53,6.72,5,0.1,110.5,2,4,3581,加 木 郁,6,36,6.77,4,0.16,111.5,3,6,3381,滝 沢 芳 行,12,16,6.7,6,0.1,113.2,,,,,,,,,,,,,,,,,,,,,,,,,,,,,,
202303030605,薄暮だョ！第５回Ｂ級名人大集合　マクール杯,第2日,2023/03/03,浜名湖,05R,予選,1800,晴,,0,0,,6,1500,6,440,2,200,6-2,33300,29,2-6,7700,14,2-6,4800,15,4-6,660,8,2-4,460,6,6-2-4,90750,111,2-4-6,5180,16,1,6,3583,齋 藤 智 裕,33,52,6.79,6,0.17,119.8,2,2,3539,金 子 順 一,3,24,6.75,2,0.29,121.7,3,4,3497,後 藤 浩,60,28,6.73,3,0.24,125.1,4,3,3776,横 井 健 太,53,45,6.68,4,0.28,127.7,,,,,,,,,,,,,,,,,,,,
202303030606,薄暮だョ！第５回Ｂ級名人大集合　マクール杯,第2日,2023/03/03,浜名湖,06R,予選,1800,晴,東,1,1,逃げ,4,230,4,110,5,410,4-5,2870,17,4-5,3180,15,4-5,510,10,1-4,240,2,1-5,890,15,4-5-1,23450,95,1-4-5,2450,12,1,4,3072,西 田 靖,19,71,6.81,1,0.05,110.0,2,5,3593,横 井 光 弘,15,55,6.76,6,0.1,111.0,3,1,3141,山 来 和 人,21,30,6.69,2,0.18,113.1,4,3,3627,井 上 恵 一,25,68,6.75,4,0.16,113.6,5,6,3559,水 長 照 雄,18,73,6.68,5,0.13,,6,2,3725,向 達 哉,24,34,6.7,3,0.17,
202303030607,薄暮だョ！第５回Ｂ級名人大集合　マクール杯,第2日,2023/03/03,浜名湖,07R,予選,1800,晴,南,3,2,,2,610,2,230,6,300,2-6,6170,23,2-6,4510,11,2-6,1230,14,2-3,380,7,3-6,1420,15,2-6-3,41410,93,2-3-6,3950,18,1,2,3202,三 品 隆 浩,46,32,6.69,2,0.2,110.7,2,6,2014,高 塚 清 一,59,37,6.7,6,0.22,112.0,3,3,3546,中 里 昌 志,38,66,6.72,3,0.2,113.0,4,5,3065,増 田 弘 喜,14,26,6.67,5,0.49,113.8,5,4,3107,平 岡 重 典,23,41,6.64,4,0.26,,6,1,3501,川 上 昇 平,64,61,6.63,1,0.27,
202303030608,薄暮だョ！第５回Ｂ級名人大集合　マクール杯,第2日,2023/03/03,浜名湖,08R,予選,1800,晴,西,1,1,逃げ,1,260,1,100,2,230,1-2,360,1,1-2,310,1,1-2,130,1,1-6,430,7,2-6,540,10,1-2-6,3030,8,1-2-6,1460,6,1,1,3690,河 合 三 弘,48,18,6.6,1,0.21,109.5,2,2,3881,浦 上 拓 也,54,12,6.64,2,0.29,111.0,3,6,3151,落 合 敬 一,62,75,6.61,6,0.31,112.0,4,4,3448,高 山 秀 雄,39,33,6.61,4,0.28,113.0,5,3,3381,滝 沢 芳 行,12,16,6.6,3,0.23,,6,5,3544,豊 田 訓 靖,65,40,6.68,5,0.24,
202303030609,薄暮だョ！第５回Ｂ級名人大集合　マクール杯,第2日,2023/03/03,浜名湖,09R,予選特賞,1800,晴,西,1,1,逃げ,1,150,1,110,3,140,1-3,340,1,1-3,170,1,1-3,130,1,1-6,370,7,3-6,340,6,1-3-6,1000,2,1-3-6,470,2,1,1,3538,菊 池 峰 晴,36,53,6.65,1,0.12,109.7,2,3,3497,後 藤 浩,60,28,6.69,3,0.16,110.9,3,6,3075,中 村 裕 将,20,29,6.76,5,0.21,112.0,4,2,3370,坪 内 実,47,43,6.71,2,0.15,112.9,5,5,3419,栗 原 謙 治,57,59,6.66,6,0.39,,6,4,3615,横 田 茂,2,48,6.67,4,0.24,
202303030610,薄暮だョ！第５回Ｂ級名人大集合　マクール杯,第2日,2023/03/03,浜名湖,10R,予選特賞,1800,晴,北西,1,1,逃げ,1,120,1,100,2,120,1-2,470,1,1-2,310,2,1-2,150,3,1-4,110,1,2-4,500,8,1-2-4,1100,1,1-2-4,650,1,1,1,3156,金 子 良 昭,37,17,6.67,1,0.11,109.0,2,2,3593,横 井 光 弘,15,55,6.74,2,0.14,110.4,3,4,3661,柳 瀬 興 志,9,27,6.75,4,0.26,111.8,4,6,3508,久 富 政 弘,52,50,6.7,6,0.33,113.4,5,5,3313,本 吉 正 樹,30,49,6.68,5,0.29,,6,3,3536,一 色 雅 昭,26,64,6.78,3,0.24,
202303030611,薄暮だョ！第５回Ｂ級名人大集合　マクール杯,第2日,2023/03/03,浜名湖,11R,予選特選,1800,晴,西,2,1,逃げ,1,120,1,100,5,310,1-5,3030,9,1-5,3550,9,1-5,380,6,1-3,110,1,3-5,890,11,1-5-3,17940,46,1-3-5,2110,10,1,1,3550,都 築 正 治,55,44,6.73,1,0.12,109.5,2,5,3503,堂 原 洋 史,17,76,6.76,5,0.23,111.4,3,3,3107,平 岡 重 典,23,41,6.7,3,0.23,111.5,4,2,3796,長 野 道 臣,63,74,6.64,2,0.18,111.8,5,6,3776,横 井 健 太,53,45,6.61,6,0.2,,6,4,3627,井 上 恵 一,25,68,6.73,4,0.23,
202303030612,薄暮だョ！第５回Ｂ級名人大集合　マクール杯,第2日,2023/03/03,浜名湖,12R,予選特選,1800,晴,西,1,1,まくり,6,2810,6,540,5,600,6-5,14400,29,5-6,2610,9,5-6,640,12,3-6,580,10,3-5,640,12,6-5-3,50010,117,3-5-6,5970,19,1,6,3539,金 子 順 一,3,24,6.67,4,0.06,110.0,2,5,3501,川 上 昇 平,64,61,6.66,5,0.02,111.4,3,3,3730,塩 崎 優 司,31,60,6.67,2,0.28,112.3,4,4,3690,河 合 三 弘,48,18,6.66,3,0.24,112.9,5,1,3072,西 田 靖,19,71,6.71,1,0.19,,6,2,3839,川 合 理 司,13,15,6.76,6,0.05,
202303030401,ＤＭＭ．ｃｏｍ杯,第3日,2023/03/03,平和島,01R,予選,1800,晴,南東,2,3,逃げ,1,190,1,110,3,150,1-3,360,1,1-3,210,1,1-3,160,1,1-6,240,4,3-6,280,6,1-3-6,1100,1,1-3-6,400,1,1,1,4158,木 場 雄二郎,26,53,6.87,1,0.13,110.7,2,3,4100,松 田 隆 司,60,60,6.99,3,0.09,111.3,3,6,3929,杢 野 誓 良,49,73,6.88,5,0.1,113.5,4,2,4563,齋 藤 真 之,24,50,6.86,2,0.05,113.7,5,5,5225,斎 藤 凜,34,70,6.84,6,0.11,,6,4,5076,石 原 光,12,20,6.87,4,0.09,
202303030402,ＤＭＭ．ｃｏｍ杯,第3日,2023/03/03,平和島,02R,予選,1800,晴,南東,3,3,逃げ,1,290,1,150,3,100,1-3,380,1,1-3,300,1,1-3,150,2,1-4,140,1,3-4,190,3,1-3-4,780,1,1-3-4,220,1,1,1,5033,藤 原 孝 斗,47,45,6.88,1,0.04,110.1,2,3,4264,長 尾 章 平,27,75,6.85,3,0.09,112.5,3,4,4086,寺 本 重 宣,22,63,6.9,4,0.06,113.7,4,5,5232,樅 山 拓 馬,50,51,6.89,6,0.01,115.1,5,6,3807,岡 部 哲,64,14,6.87,5,0.04,,6,2,4899,占 部 一 真,33,57,6.91,2,0.1,
202303030403,ＤＭＭ．ｃｏｍ杯,第3日,2023/03/03,平和島,03R,予選,1800,晴,東,1,3,差し,5,880,5,2500,1,1530,5-1,2170,9,1-5,790,3,1-5,310,4,3-5,460,8,1-3,450,7,5-1-3,14950,46,1-3-5,2020,8,1,5,4570,前 田 聖 文,21,55,6.77,4,0.21,109.6,2,1,3965,北 中 元 樹,56,67,6.93,1,0.23,111.3,3,3,4660,宇田川 信 一,10,64,6.81,3,0.24,112.9,4,2,4910,中 村 泰 平,36,41,6.84,2,0.24,114.5,5,4,4252,松 下 哲 也,72,61,6.9,6,0.17,,6,6,3902,蜷 川 哲 平,74,49,6.85,5,0.2,
202303030404,ＤＭＭ．ｃｏｍ杯,第3日,2023/03/03,平和島,04R,予選,1800,晴,東,1,3,逃げ,1,380,1,160,2,150,1-2,580,2,1-2,490,2,1-2,190,3,1-4,160,2,2-4,190,4,1-2-4,790,1,1-2-4,260,1,1,1,3890,小 宮 淳 史,39,18,6.71,1,0.29,110.6,2,2,4532,秋 元 哲,31,19,6.89,2,0.25,111.6,3,4,4604,岩 瀬 裕 亮,63,74,6.84,4,0.28,113.2,4,3,3427,大 賀 広 幸,58,54,6.87,3,0.26,114.2,5,6,3859,多羅尾 達 之,18,69,6.82,5,0.27,,6,5,5253,藤 井 太 雅,68,13,6.73,6,0.43,
202303030405,ＤＭＭ．ｃｏｍ杯,第3日,2023/03/03,平和島,05R,予選,1800,晴,南東,2,3,逃げ,1,130,1,100,5,340,1-5,700,4,1-5,470,3,1-5,320,4,1-6,520,6,5-6,1200,14,1-5-6,2740,13,1-5-6,1540,9,1,1,4448,青 木 玄 太,11,59,6.89,1,0.11,109.0,2,5,4380,鈴 木 峻 佑,28,71,6.82,5,0.04,111.1,3,6,4201,佐 竹 友 樹,14,12,6.88,6,0.07,112.2,4,4,5226,藤 田 俊 祐,45,44,6.73,4,0.03,113.1,5,3,4054,福 嶋 智 之,16,32,6.79,3,0.1,,6,2,5076,石 原 光,12,20,6.94,2,0.17,
202303030406,ＤＭＭ．ｃｏｍ杯,第3日,2023/03/03,平和島,06R,予選,1800,晴,東,1,3,差し,2,240,2,2150,6,10450,2-6,8430,23,2-6,4080,13,2-6,860,13,2-5,150,1,5-6,530,9,2-6-5,23250,73,2-5-6,1690,7,1,2,3880,浅 見 宗 孝,25,68,6.86,2,0.18,111.4,2,6,4104,木 下 陽 介,71,52,6.87,6,0.15,112.0,3,5,4506,稗 田 聖 也,52,65,6.84,5,0.09,113.6,4,3,4731,間 野 兼 礼,67,43,6.8,3,0.18,113.8,5,1,4899,占 部 一 真,33,57,6.89,1,0.05,,6,4,4563,齋 藤 真 之,24,50,6.84,4,0.18,
202303030407,ＤＭＭ．ｃｏｍ杯,第3日,2023/03/03,平和島,07R,予選,1800,晴,東,1,3,逃げ,1,160,1,140,2,140,1-2,340,1,1-2,290,2,1-2,150,1,1-3,230,4,2-3,410,7,1-2-3,880,3,1-2-3,570,2,1,1,4516,野 口 勝 弘,46,11,6.67,1,0.15,109.8,2,2,4513,河 野 真 也,53,62,6.74,2,0.17,111.1,3,3,4158,木 場 雄二郎,26,53,6.83,3,0.18,112.6,4,5,3995,重 野 哲 之,30,17,6.83,4,0.16,113.6,5,6,4660,宇田川 信 一,10,64,6.82,5,0.2,,6,4,5232,樅 山 拓 馬,50,51,6.8,6,0.24,
202303030408,ＤＭＭ．ｃｏｍ杯,第3日,2023/03/03,平和島,08R,予選,1800,晴,南東,3,3,差し,2,310,2,150,1,110,2-1,410,2,1-2,190,1,1-2,160,1,2-6,580,11,1-6,380,7,2-1-6,2070,6,1-2-6,710,2,1,2,4033,伊 藤 将 吉,65,47,6.66,2,0.01,110.1,2,1,4475,末 永 祐 輝,32,56,6.63,1,0.01,111.7,3,6,4114,深 澤 達 徳,54,58,6.77,6,0.19,113.2,4,3,4252,松 下 哲 也,72,61,6.88,3,0.04,114.3,5,5,5033,藤 原 孝 斗,47,45,6.75,5,0.26,,6,4,4496,内 堀 学,51,48,6.81,4,0.25,
202303030409,ＤＭＭ．ｃｏｍ杯,第3日,2023/03/03,平和島,09R,予選特賞,1800,晴,南東,3,3,差し,6,330,6,340,1,160,6-1,1310,5,1-6,370,2,1-6,170,2,3-6,190,3,1-3,120,1,6-1-3,2650,7,1-3-6,340,1,1,6,4227,安 達 裕 樹,38,66,6.83,6,0.19,111.1,2,1,4100,松 田 隆 司,60,60,6.9,1,0.16,112.1,3,3,4367,山 口 修 路,23,16,6.9,3,0.21,112.8,4,5,3965,北 中 元 樹,56,67,6.97,4,0.16,113.4,5,2,3807,岡 部 哲,64,14,6.89,2,0.2,,6,4,4054,福 嶋 智 之,16,32,6.94,5,0.11,
202303030410,ＤＭＭ．ｃｏｍ杯,第3日,2023/03/03,平和島,10R,予選特賞,1800,晴,南東,5,3,逃げ,1,160,1,100,4,420,1-4,950,5,1-4,1110,4,1-4,330,5,1-2,150,2,2-4,890,12,1-4-2,4230,15,1-2-4,1510,6,1,1,4506,稗 田 聖 也,52,65,6.72,1,0.13,110.1,2,4,3902,蜷 川 哲 平,74,49,6.96,4,0.13,111.7,3,2,4380,鈴 木 峻 佑,28,71,6.87,2,0.1,113.3,4,6,4264,長 尾 章 平,27,75,6.94,6,0.17,114.1,5,3,4979,中 野 夢 斗,75,46,6.9,3,0.06,,6,5,4604,岩 瀬 裕 亮,63,74,6.77,5,0.13,
202303030411,ＤＭＭ．ｃｏｍ杯,第3日,2023/03/03,平和島,11R,予選特選,1800,晴,南東,3,3,逃げ,1,110,1,110,3,380,1-3,750,4,1-3,350,2,1-3,100,1,1-4,460,7,3-4,1070,13,1-3-4,3640,14,1-3-4,1980,8,1,1,4513,河 野 真 也,53,62,6.82,1,0.12,119.1,2,3,3929,杢 野 誓 良,49,73,6.94,3,0.11,121.0,3,4,3427,大 賀 広 幸,58,54,6.96,4,0.19,124.1,4,5,4448,青 木 玄 太,11,59,6.78,5,0.14,130.6,5,6,3880,浅 見 宗 孝,25,68,6.99,6,0.27,,,,,,,,,,,
202303030412,ＤＭＭ．ｃｏｍ杯,第3日,2023/03/03,平和島,12R,記者選抜,1800,晴,南,3,3,差し,2,690,2,690,3,850,2-3,7140,19,2-3,4010,10,2-3,1890,10,1-2,670,4,1-3,610,3,2-3-1,30780,64,1-2-3,710,4,1,2,4201,佐 竹 友 樹,14,12,6.9,2,0.13,109.4,2,3,3890,小 宮 淳 史,39,18,6.78,3,0.16,110.9,3,1,3995,重 野 哲 之,30,17,6.76,1,0.11,112.5,4,5,4910,中 村 泰 平,36,41,6.84,5,0.18,113.8,5,4,4475,末 永 祐 輝,32,56,6.87,4,0.19,,6,6,4731,間 野 兼 礼,67,43,6.87,6,0.19,
202303030301,３支部ガチ対決ｉｎ江戸川・第２３回日本財団会長杯,第1日,2023/03/03,江戸川,01R,予選,1800,曇り,北,3,5,まくり,5,410,5,120,1,120,5-1,1400,6,1-5,340,1,1-5,150,1,5-6,1640,13,1-6,940,11,5-1-6,8780,35,1-5-6,3750,11,1,5,4944,田 代 達 也,35,71,6.61,5,0.19,110.4,2,1,4440,萩 原 知 哉,64,51,6.66,1,0.22,112.5,3,6,5275,松 田 淳 平,38,53,6.76,6,0.1,114.8,4,4,5090,生 方 靖 亜,13,65,6.65,4,0.28,116.3,5,2,5183,中 野 孝 二,58,10,6.67,2,0.26,,6,3,5063,大 塚 雅 治,53,34,6.68,3,0.27,
202303030302,３支部ガチ対決ｉｎ江戸川・第２３回日本財団会長杯,第1日,2023/03/03,江戸川,02R,予選,1800,曇り,南西,2,5,逃げ,1,180,1,110,2,120,1-2,290,1,1-2,200,1,1-2,130,1,1-5,270,3,2-5,300,5,1-2-5,1350,3,1-2-5,720,3,1,1,4431,石 塚 裕 介,24,39,6.66,1,0.06,111.5,2,2,3850,小 川 知 行,28,26,6.72,2,0.12,113.3,3,5,5133,堀 越 雄 貴,61,33,6.73,5,0.21,114.3,4,4,4815,伏 島 祐 介,63,25,6.79,4,0.16,115.5,5,6,5234,塚 越 海 斗,39,63,6.72,6,0.16,,6,3,4461,安 田 吉 宏,22,49,6.84,3,0.19,
202303030303,３支部ガチ対決ｉｎ江戸川・第２３回日本財団会長杯,第1日,2023/03/03,江戸川,03R,予選,1800,晴,南西,2,5,まくり,3,330,3,340,5,1030,3-5,3200,12,3-5,3510,9,3-5,600,9,3-4,580,8,4-5,620,10,3-5-4,18850,53,3-4-5,4350,16,1,3,3619,長谷川 充,37,24,6.81,3,0.13,111.4,2,5,4723,寺 島 吉 彦,62,55,6.7,5,0.09,112.7,3,4,4491,田 中 堅,33,12,6.75,4,0.15,114.1,4,2,3771,折 下 寛 法,50,14,6.81,2,0.14,114.8,5,1,4077,品 田 直 樹,54,30,6.77,1,0.17,,6,6,5256,中 山 翔 太,25,70,6.74,6,0.15,
202303030304,３支部ガチ対決ｉｎ江戸川・第２３回日本財団会長杯,第1日,2023/03/03,江戸川,04R,予選,1800,晴,西,2,5,まくり,3,840,3,410,5,360,3-5,6310,23,3-5,2440,10,3-5,540,10,3-4,490,8,4-5,500,9,3-5-4,35410,89,3-4-5,3650,18,1,3,4962,畑 竜 生,68,67,6.77,3,0.07,110.6,2,5,4766,石 井 孝 之,47,46,6.65,5,0.12,112.8,3,4,4818,伏 見 俊 介,49,61,6.99,4,0.07,114.6,4,6,5023,久 永 祥 平,29,36,6.69,6,0.14,115.5,5,2,3686,鳥居塚 孝 博,43,28,6.78,2,0.09,,6,1,4340,土 性 雅 也,20,17,6.82,1,0.06,
202303030305,３支部ガチ対決ｉｎ江戸川・第２３回日本財団会長杯,第1日,2023/03/03,江戸川,05R,予選,1800,晴,南,6,5,逃げ,1,140,1,140,4,240,1-4,1590,5,1-4,1010,4,1-4,290,2,1-5,380,4,4-5,810,8,1-4-5,6550,19,1-4-5,2660,13,1,1,3790,佐 口 達 也,45,59,6.95,1,0.23,113.6,2,4,3973,崎 利 仁,17,56,6.92,4,0.27,114.9,3,5,5130,上 野 拓 馬,10,40,6.83,5,0.34,116.3,4,3,3303,渡 辺 豊,48,31,6.88,3,0.29,117.2,5,2,5063,大 塚 雅 治,53,34,6.83,2,0.3,,6,6,5010,宇留田 翔 平,34,68,6.82,6,0.35,
202303030306,３支部ガチ対決ｉｎ江戸川・第２３回日本財団会長杯,第1日,2023/03/03,江戸川,06R,予選,1800,晴,南西,5,5,差し,4,280,4,100,3,500,4-3,2480,14,3-4,1480,9,3-4,220,3,1-4,130,1,1-3,370,9,4-3-1,9630,42,1-3-4,1210,6,1,4,3888,山 本 英 志,36,43,6.89,4,0.11,112.6,2,3,5133,堀 越 雄 貴,61,33,6.77,3,0.16,114.6,3,1,4177,萬 正 嗣,60,37,6.97,1,0.23,115.8,4,6,5275,松 田 淳 平,38,53,6.79,6,0.15,117.0,5,2,4623,中 北 将 史,23,66,6.81,2,0.23,,6,5,4954,内 山 峻 輔,46,22,6.84,5,0.13,
202303030307,３支部ガチ対決ｉｎ江戸川・第２３回日本財団会長杯,第1日,2023/03/03,江戸川,07R,予選,1800,晴,南,7,5,逃げ,1,350,1,130,4,170,1-4,600,2,1-4,220,1,1-4,160,2,1-5,510,9,4-5,270,4,1-4-5,3670,16,1-4-5,940,4,1,1,4723,寺 島 吉 彦,62,55,6.89,1,0.05,113.9,2,4,4362,土 屋 智 則,52,45,7.05,4,0.22,115.2,3,5,4181,花 本 夏 樹,59,29,7.22,5,0.28,117.1,4,2,4944,田 代 達 也,35,71,6.94,2,0.17,117.6,5,3,3569,増 田 進,18,19,7.05,3,0.19,,6,6,5234,塚 越 海 斗,39,63,6.94,6,0.33,
202303030308,３支部ガチ対決ｉｎ江戸川・第２３回日本財団会長杯,第1日,2023/03/03,江戸川,08R,予選,1800,晴,南,7,10,まくり,4,310,4,250,1,200,4-1,890,3,1-4,460,2,1-4,190,2,2-4,320,6,1-2,230,3,4-1-2,3230,11,1-2-4,800,3,1,4,4766,石 井 孝 之,47,46,6.7,4,0.03,111.6,2,1,3619,長谷川 充,37,24,7.08,1,0.06,113.8,3,2,4619,伏 田 裕 隆,15,48,6.94,2,0.05,115.4,4,5,4976,金 山 立 樹,70,27,7.0,5,0.09,116.8,5,6,4808,松 尾 拓,56,50,6.98,6,0.12,,6,3,5183,中 野 孝 二,58,10,6.97,3,0.08,
202303030309,３支部ガチ対決ｉｎ江戸川・第２３回日本財団会長杯,第1日,2023/03/03,江戸川,09R,予選特賞,1800,晴,南,6,10,逃げ,1,170,1,140,2,330,1-2,510,2,1-2,450,2,1-2,210,3,1-3,180,1,2-3,420,8,1-2-3,1590,1,1-2-3,740,3,1,1,4962,畑 竜 生,68,67,6.96,1,0.12,111.6,2,2,4815,伏 島 祐 介,63,25,7.02,2,0.17,114.3,3,3,4440,萩 原 知 哉,64,51,7.03,3,0.2,115.7,4,6,4134,杉 山 貴 博,69,13,6.98,6,0.37,117.6,5,4,3790,佐 口 達 也,45,59,7.13,4,0.22,,6,5,4491,田 中 堅,33,12,7.13,5,0.32,
202303030310,３支部ガチ対決ｉｎ江戸川・第２３回日本財団会長杯,第1日,2023/03/03,江戸川,10R,予選特賞,1800,晴,南,6,10,逃げ,1,110,1,100,5,460,1-5,2660,9,1-5,1040,5,1-5,510,8,1-2,190,2,2-5,730,11,1-5-2,7610,25,1-2-5,1600,7,1,1,4818,伏 見 俊 介,49,61,7.02,1,0.17,113.0,2,5,5010,宇留田 翔 平,34,68,7.12,5,0.19,115.1,3,2,4177,萬 正 嗣,60,37,7.14,2,0.19,116.4,4,3,4077,品 田 直 樹,54,30,7.05,3,0.2,117.3,5,4,4358,松 本 庸 平,71,62,7.07,4,0.21,,6,6,3653,品 川 賢 次,26,60,7.04,6,0.22,
202303030311,３支部ガチ対決ｉｎ江戸川・第２３回日本財団会長杯,第1日,2023/03/03,江戸川,11R,予選特選,1800,晴,南,6,10,逃げ,1,260,1,100,2,270,1-2,710,3,1-2,410,2,1-2,280,3,1-4,220,2,2-4,500,7,1-2-4,2340,7,1-2-4,990,5,1,1,3771,折 下 寛 法,50,14,7.01,1,0.08,112.7,2,2,4181,花 本 夏 樹,59,29,6.99,2,0.09,114.2,3,4,4954,内 山 峻 輔,46,22,6.99,4,0.09,115.2,4,3,3686,鳥居塚 孝 博,43,28,6.99,3,0.09,115.6,5,6,3868,尾 形 栄 治,16,21,6.94,6,0.27,,6,5,4113,木 村 浩 士,12,38,7.05,5,0.21,
202303030312,３支部ガチ対決ｉｎ江戸川・第２３回日本財団会長杯,第1日,2023/03/03,江戸川,12R,江戸川選抜,1800,晴,南,6,10,逃げ,1,110,1,100,3,180,1-3,560,2,1-3,440,3,1-3,220,3,1-5,550,8,3-5,760,12,1-3-5,2020,8,1-3-5,1660,5,1,1,4362,土 屋 智 則,52,45,6.94,1,0.08,112.1,2,3,4644,山 田 亮 太,11,16,7.05,3,0.06,114.3,3,5,3303,渡 辺 豊,48,31,7.0,5,0.31,115.7,4,2,3888,山 本 英 志,36,43,6.97,2,0.11,116.8,5,4,4808,松 尾 拓,56,50,6.97,4,0.11,,6,6,4049,荒 川 健 太,30,57,7.07,6,0.39,
202303030201,本命バトル祭・ニッカン・コム杯,第2日,2023/03/03,戸田,01R,予選,1800,晴,北西,3,1,逃げ,1,170,1,140,3,130,1-3,1560,7,1-3,840,5,1-3,220,5,1-6,180,1,3-6,480,9,1-3-6,3300,14,1-3-6,940,4,1,1,3896,上 田 洋 平,20,55,6.74,1,0.11,108.5,2,3,5152,丸 山 祐 也,59,62,6.74,3,0.13,110.2,3,6,4144,石 塚 久 也,4,71,6.75,5,0.18,110.8,4,2,3722,西 村 秀 樹,50,54,6.68,2,0.12,112.5,5,4,5007,近 藤 雄一郎,64,57,6.74,4,0.19,,6,5,5266,石 田 勇 斗,22,74,6.76,6,0.17,
202303030202,本命バトル祭・ニッカン・コム杯,第2日,2023/03/03,戸田,02R,予選,1800,晴,北西,2,1,逃げ,1,240,1,160,3,420,1-3,1590,7,1-3,1640,6,1-3,320,7,1-4,140,1,3-4,280,5,1-3-4,1760,5,1-3-4,610,2,1,1,4861,田 中 宏 樹,42,48,6.74,1,0.29,108.8,2,3,5187,小 坂 風 太,56,35,6.73,3,0.27,110.6,3,4,3811,石 田 章 央,8,75,6.79,4,0.24,111.3,4,2,4422,永 井 亮 次,55,56,6.8,2,0.34,113.0,5,6,3596,河 上 年 昭,63,26,6.74,6,0.32,,6,5,5159,笠 間 憲 哉,5,58,6.84,5,0.32,
202303030203,本命バトル祭・ニッカン・コム杯,第2日,2023/03/03,戸田,03R,予選,1800,晴,北西,1,1,逃げ,1,200,1,160,5,150,1-5,780,3,1-5,470,2,1-5,120,1,1-6,400,6,5-6,220,4,1-5-6,3140,13,1-5-6,630,3,1,1,3444,香 月 大 介,10,36,6.71,1,0.15,109.6,2,5,4090,中 村 尊,61,77,6.72,5,0.2,110.8,3,6,4876,梅 木 敬 太,45,16,6.8,6,0.19,112.3,4,2,4405,南 野 利 騰,51,60,6.87,2,0.17,112.9,5,4,4999,沓 名 貴 輝,58,61,6.8,4,0.2,,6,3,4750,井 上 尚 悟,52,18,6.74,3,0.32,
202303030204,本命バトル祭・ニッカン・コム杯,第2日,2023/03/03,戸田,04R,予選,1800,晴,北東,4,2,,5,190,5,100,2,260,5-2,560,3,2-5,470,2,2-5,320,5,3-5,150,2,2-3,820,10,5-2-3,4680,20,2-3-5,1860,8,1,5,4269,杉 山 裕 也,36,29,6.61,5,0.23,108.0,2,2,3714,梶 原 正,13,12,6.76,2,0.1,110.7,3,3,3652,森 下 勇,28,15,6.84,3,0.21,112.4,4,1,3647,伊 藤 雄 二,2,46,6.8,1,0.21,113.5,5,4,4664,東 口 晃,7,41,6.79,4,0.21,,6,6,4232,笠 雅 雄,15,14,6.75,6,0.22,
202303030205,本命バトル祭・ニッカン・コム杯,第2日,2023/03/03,戸田,05R,予選,1800,晴,南東,1,1,逃げ,1,520,1,140,2,170,1-2,1300,7,1-2,670,4,1-2,180,1,1-3,190,3,2-3,210,5,1-2-3,2650,14,1-2-3,390,1,1,1,4339,平 瀬 城 啓,12,63,6.76,1,0.11,109.0,2,2,5035,櫻 井 優,24,21,6.63,2,0.1,110.0,3,3,4514,上 條 嘉 嗣,11,59,6.74,3,0.09,111.9,4,4,4023,柴 田 友 和,16,72,6.7,4,0.1,113.2,5,5,4417,服 部 剛,57,52,6.75,5,0.14,,6,6,5266,石 田 勇 斗,22,74,6.7,6,0.12,
202303030206,本命バトル祭・ニッカン・コム杯,第2日,2023/03/03,戸田,06R,予選,1800,晴,南東,1,1,差し,4,650,4,160,3,100,4-3,1720,8,3-4,730,4,3-4,210,3,2-4,320,8,2-3,280,6,4-3-2,11440,45,2-3-4,690,4,1,4,4752,西 尾 亮 輔,65,53,6.77,3,0.25,108.8,2,3,4144,石 塚 久 也,4,71,6.72,2,0.14,110.0,3,2,5159,笠 間 憲 哉,5,58,6.76,1,0.1,112.3,4,5,3857,阿 波 勝 哉,46,76,6.72,5,0.16,112.6,5,6,5185,加 藤 優 弥,9,39,6.68,4,0.2,,,,,,,,,,,
202303030207,本命バトル祭・ニッカン・コム杯,第2日,2023/03/03,戸田,07R,予選,1800,晴,南,1,1,逃げ,1,120,1,160,3,340,1-3,250,1,1-3,200,1,1-3,130,1,1-4,190,3,3-4,220,5,1-3-4,580,1,1-3-4,370,1,1,1,3813,佐 藤 大 介,54,13,6.72,1,0.09,108.9,2,3,3445,加 藤 高 史,53,33,6.68,3,0.12,109.7,3,4,3896,上 田 洋 平,20,55,6.77,4,0.11,111.9,4,2,3444,香 月 大 介,10,36,6.76,2,0.14,113.0,5,6,4555,富 永 大 一,14,49,6.81,6,0.19,,6,5,5187,小 坂 風 太,56,35,6.8,5,0.1,
202303030208,本命バトル祭・ニッカン・コム杯,第2日,2023/03/03,戸田,08R,予選,1800,晴,南,1,1,逃げ,1,180,1,150,4,200,1-4,560,1,1-4,490,2,1-4,180,3,1-6,150,1,4-6,150,2,1-4-6,1060,1,1-4-6,370,1,1,1,3306,武 田 正 紀,17,37,6.65,1,0.07,109.2,2,4,4406,幸 野 史 明,47,38,6.67,4,0.13,109.9,3,6,3811,石 田 章 央,8,75,6.71,6,0.15,111.4,4,2,4664,東 口 晃,7,41,6.67,2,0.11,112.8,5,5,5152,丸 山 祐 也,59,62,6.75,5,0.19,,6,3,4999,沓 名 貴 輝,58,61,6.78,3,0.15,
202303030209,本命バトル祭・ニッカン・コム杯,第2日,2023/03/03,戸田,09R,戸田特賞,1800,晴,南東,3,1,差し,2,150,2,100,1,110,2-1,350,1,1-2,170,1,1-2,220,5,2-5,850,7,1-5,1690,12,2-1-5,4220,14,1-2-5,1930,7,1,2,4269,杉 山 裕 也,36,29,6.62,2,0.11,107.8,2,1,5035,櫻 井 優,24,21,6.75,1,0.17,110.7,3,5,5007,近 藤 雄一郎,64,57,6.81,5,0.21,111.7,4,3,3761,山 本 光 雄,19,70,6.77,3,0.16,111.8,5,4,4405,南 野 利 騰,51,60,6.85,4,0.21,,6,6,4957,竹之内 極,23,32,6.78,6,0.26,
202303030210,本命バトル祭・ニッカン・コム杯,第2日,2023/03/03,戸田,10R,戸田特賞,1800,晴,南東,2,1,まくり,2,170,2,100,6,610,2-6,2850,11,2-6,1980,8,2-6,390,6,2-5,300,4,5-6,850,13,2-6-5,14480,52,2-5-6,2130,9,1,2,4090,中 村 尊,61,77,6.71,2,0.02,108.5,2,6,4417,服 部 剛,57,52,6.74,6,0.13,111.1,3,5,5185,加 藤 優 弥,9,39,6.68,5,0.12,112.2,4,3,3714,梶 原 正,13,12,6.67,3,0.06,113.5,5,1,4345,西 舘 健,62,73,6.74,1,0.09,,6,4,3831,安 藤 裕 貴,21,66,6.72,4,0.09,
202303030211,本命バトル祭・ニッカン・コム杯,第2日,2023/03/03,戸田,11R,戸田特選,1800,晴,南,3,1,,3,180,3,100,2,430,3-2,1990,8,2-3,1700,6,2-3,680,10,3-4,190,1,2-4,1200,14,3-2-4,8530,35,2-3-4,1870,10,1,3,3813,佐 藤 大 介,54,13,6.76,3,0.17,110.0,2,2,4750,井 上 尚 悟,52,18,6.72,2,0.16,111.1,3,4,3441,土 屋 太 朗,1,44,6.69,4,0.15,112.7,4,5,3647,伊 藤 雄 二,2,46,6.81,5,0.15,113.4,5,1,4023,柴 田 友 和,16,72,6.62,1,0.19,,6,6,3857,阿 波 勝 哉,46,76,6.71,6,0.19,
202303030212,本命バトル祭・ニッカン・コム杯,第2日,2023/03/03,戸田,12R,記者選抜戦,1800,晴,南,3,2,逃げ,1,140,1,100,5,260,1-5,660,3,1-5,570,3,1-5,240,3,1-3,110,1,3-5,420,7,1-5-3,1740,5,1-3-5,530,1,1,1,4514,上 條 嘉 嗣,11,59,6.72,1,0.14,109.1,2,5,4876,梅 木 敬 太,45,16,6.73,5,0.15,110.5,3,3,3306,武 田 正 紀,17,37,6.66,3,0.16,111.3,4,2,3652,森 下 勇,28,15,6.79,2,0.16,112.4,5,6,4752,西 尾 亮 輔,65,53,6.73,6,0.16,,6,4,4555,富 永 大 一,14,49,6.68,4,0.24,
