レースコード,タイトル,日次,レース日,レース場,レース回,レース名,距離(m),天候,風向,風速(m),波の高さ(cm),決まり手,単勝_艇番,単勝_払戻金,複勝_1着_艇番,複勝_1着_払戻金,複勝_2着_艇番,複勝_2着_払戻金,2連単_組番,2連単_払戻金,2連単_人気,2連複_組番,2連複_払戻金,2連複_人気,拡連複_1-2着_組番,拡連複_1-2着_払戻金,拡連複_1-2着_人気,拡連複_1-3着_組番,拡連複_1-3着_払戻金,拡連複_1-3着_人気,拡連複_2-3着_組番,拡連複_2-3着_払戻金,拡連複_2-3着_人気,3連単_組番,3連単_払戻金,3連単_人気,3連複_組番,3連複_払戻金,3連複_人気,1着_着順,1着_艇番,1着_登録番号,1着_選手名,1着_モーター番号,1着_ボート番号,1着_展示タイム,1着_進入コース,1着_スタートタイミング,1着_レースタイム,2着_着順,2着_艇番,2着_登録番号,2着_選手名,2着_モーター番号,2着_ボート番号,2着_展示タイム,2着_進入コース,2着_スタートタイミング,2着_レースタイム,3着_着順,3着_艇番,3着_登録番号,3着_選手名,3着_モーター番号,3着_ボート番号,3着_展示タイム,3着_進入コース,3着_スタートタイミング,3着_レースタイム,4着_着順,4着_艇番,4着_登録番号,4着_選手名,4着_モーター番号,4着_ボート番号,4着_展示タイム,4着_進入コース,4着_スタートタイミング,4着_レースタイム,5着_着順,5着_艇番,5着_登録番号,5着_選手名,5着_モーター番号,5着_ボート番号,5着_展示タイム,5着_進入コース,5着_スタートタイミング,5着_レースタイム,6着_着順,6着_艇番,6着_登録番号,6着_選手名,6着_モーター番号,6着_ボート番号,6着_展示タイム,6着_進入コース,6着_スタートタイミング,6着_レースタイム
202402012401,ＢＯＡＴＢｏｙカップ,第1日,2024/02/01,大村,01R,予選,1800,曇り,南東,1,1,逃げ,1,120,1,100,4,110,1-4,420,2,1-4,270,2,1-4,130,1,1-6,330,5,4-6,560,8,1-4-6,1940,9,1-4-6,1010,6,1,1,4603,谷 川 将 太,74,44,6.89,1,0.13,108.8,2,4,3668,市 川 猛,17,34,6.97,4,0.18,112.4,3,6,4078,渡 辺 史 之,28,70,6.95,6,0.22,112.8,4,3,4896,花 本 剛,20,11,7.03,3,0.11,113.3,5,2,3467,森 弘 行,68,56,6.99,2,0.21,,6,5,3587,武 田 信 一,30,17,7.01,5,0.2,
202402012402,ＢＯＡＴＢｏｙカップ,第1日,2024/02/01,大村,02R,予選,1800,曇り,南東,1,1,逃げ,1,220,1,220,3,100,1-3,1730,11,1-3,830,5,1-3,160,3,1-5,160,2,3-5,130,1,1-3-5,3400,16,1-3-5,350,1,1,1,4231,鈴 木 裕 隆,27,57,6.94,1,0.02,109.4,2,3,4702,三 浦 敬 太,73,43,6.89,4,0.09,110.6,3,5,3743,林 美 憲,45,30,6.91,2,0.05,111.8,4,2,5086,本 村 大,75,67,6.91,3,0.07,114.2,5,4,5177,松 井 貫 太,13,26,6.89,5,0.14,,6,6,4177,萬 正 嗣,65,48,6.95,6,0.17,
202402012403,ＢＯＡＴＢｏｙカップ,第1日,2024/02/01,大村,03R,予選,1800,曇り,南,1,1,逃げ,1,150,1,110,4,100,1-4,370,1,1-4,310,1,1-4,130,1,1-3,150,2,3-4,170,3,1-4-3,950,2,1-3-4,300,1,1,1,3406,中 里 英 夫,60,69,6.94,1,0.11,109.5,2,4,4302,西 野 翔 太,63,49,6.9,4,0.11,111.1,3,3,4651,佐 藤 大 騎,21,68,6.92,3,0.11,113.0,4,5,3527,中 嶋 誠一郎,67,76,6.9,5,0.09,113.2,5,2,3463,乙 津 康 志,35,54,6.97,2,0.13,,6,6,5284,嘉手苅 徹 哉,56,28,6.86,6,0.08,
202402012404,ＢＯＡＴＢｏｙカップ,第1日,2024/02/01,大村,04R,予選,1800,曇り,南,1,1,逃げ,1,140,1,100,4,210,1-4,470,2,1-4,300,2,1-4,130,1,1-6,250,4,4-6,380,7,1-4-6,2440,8,1-4-6,1340,7,1,1,3656,伯 母 芳 恒,61,32,6.9,1,0.16,109.7,2,4,4108,吉 村 正 明,37,46,6.97,3,0.18,111.0,3,6,4498,宮 本 夏 樹,49,52,6.93,6,0.14,112.3,4,3,4063,市 橋 卓 士,15,59,6.91,4,0.16,114.0,5,2,5100,栗 原 一 馬,72,18,6.98,2,0.19,,6,5,4138,中 井 俊 祐,43,23,7.02,5,0.14,
202402012405,ＢＯＡＴＢｏｙカップ,第1日,2024/02/01,大村,05R,予選,1800,曇り,南東,1,1,逃げ,1,150,1,100,2,190,1-2,330,1,1-2,170,1,1-2,180,3,1-3,170,1,2-3,270,5,1-2-3,800,1,1-2-3,280,1,1,1,4039,村 上 功 祐,71,14,6.98,1,0.08,110.2,2,2,4105,松 下 直 也,31,51,6.97,2,0.05,110.9,3,3,3412,鈴 木 博,16,60,6.94,3,0.15,112.2,4,5,4369,丹 下 将,58,37,7.0,5,0.08,113.2,5,6,3352,小 川 晃 司,12,47,7.0,6,0.09,,6,4,5059,冨 田 祥,22,55,6.93,4,0.06,
202402012406,ＢＯＡＴＢｏｙカップ,第1日,2024/02/01,大村,06R,予選,1800,曇り,,0,1,差し,5,320,5,100,1,110,5-1,620,2,1-5,250,1,1-5,130,1,2-5,200,3,1-2,230,4,5-1-2,1610,5,1-2-5,430,2,1,5,3920,正 木 聖 賢,40,35,6.9,2,0.1,108.7,2,1,3432,宮 迫 暢 彦,54,65,6.89,1,0.11,110.4,3,2,4697,國 弘 翔 平,39,21,6.96,3,0.14,112.7,4,4,4231,鈴 木 裕 隆,27,57,6.97,5,0.13,113.8,5,6,3467,森 弘 行,68,56,7.0,6,0.23,,6,3,4040,廣 瀬 将 亨,57,75,6.98,4,0.09,
202402012407,ＢＯＡＴＢｏｙカップ,第1日,2024/02/01,大村,07R,予選  進入固定,1800,曇り,,0,1,逃げ,1,160,1,100,2,200,1-2,620,3,1-2,660,4,1-2,240,5,1-3,190,2,2-3,500,9,1-2-3,2010,8,1-2-3,610,4,1,1,3944,山 口 裕 二,53,66,6.96,1,0.19,110.8,2,2,3482,金 子 猛 志,24,20,6.93,2,0.13,111.4,3,3,4771,下 寺 秀 和,41,16,6.89,3,0.17,111.7,4,4,4184,渡 邊 雄一郎,36,29,6.91,4,0.18,112.9,5,5,4603,谷 川 将 太,74,44,6.88,5,0.21,,6,6,5263,花 田 凱 成,55,41,6.91,6,0.21,
202402012408,ＢＯＡＴＢｏｙカップ,第1日,2024/02/01,大村,08R,予選,1800,雨,東,1,1,逃げ,1,140,1,100,4,120,1-4,290,1,1-4,250,1,1-4,130,1,1-6,770,11,4-6,790,12,1-4-6,4490,14,1-4-6,2480,7,1,1,3772,一 柳 和 孝,76,33,6.91,1,0.12,109.2,2,4,4064,原 田 篤 志,50,12,7.04,4,0.21,111.2,3,6,3463,乙 津 康 志,35,54,6.96,6,0.33,113.6,4,3,5009,大 賀 龍之介,62,24,6.99,3,0.13,114.0,5,2,4138,中 井 俊 祐,43,23,6.99,2,0.17,,6,5,5086,本 村 大,75,67,6.91,5,0.17,
202402012409,ＢＯＡＴＢｏｙカップ,第1日,2024/02/01,大村,09R,予選特賞,1800,雨,東,1,1,逃げ,1,160,1,110,3,350,1-3,810,3,1-3,490,3,1-3,220,3,1-6,450,8,3-6,940,13,1-3-6,5300,17,1-3-6,2680,9,1,1,3527,中 嶋 誠一郎,67,76,6.86,1,0.23,108.3,2,3,4177,萬 正 嗣,65,48,6.94,3,0.2,110.9,3,6,4508,野 間 大 樹,46,45,6.85,6,0.24,111.7,4,5,3656,伯 母 芳 恒,61,32,6.92,5,0.25,112.8,5,2,4369,丹 下 将,58,37,6.96,2,0.26,,6,4,4985,井 本 昌 也,34,50,6.91,4,0.16,
202402012410,ＢＯＡＴＢｏｙカップ,第1日,2024/02/01,大村,10R,予選特賞,1800,雨,南東,1,1,差し,2,550,2,110,1,100,2-1,760,4,1-2,130,1,1-2,110,1,2-3,210,4,1-3,130,2,2-1-3,2160,9,1-2-3,190,1,1,2,4159,向 後 龍 一,69,38,6.89,2,0.11,108.9,2,1,3837,秋 山 広 一,44,71,6.96,1,0.09,110.5,3,3,4498,宮 本 夏 樹,49,52,6.89,3,0.06,111.9,4,5,3406,中 里 英 夫,60,69,6.98,5,0.1,113.3,5,4,4039,村 上 功 祐,71,14,6.98,4,0.13,,6,6,4040,廣 瀬 将 亨,57,75,6.99,6,0.09,
202402012411,ＢＯＡＴＢｏｙカップ,第1日,2024/02/01,大村,11R,予選特選,1800,雨,,0,1,逃げ,1,130,1,100,2,180,1-2,230,1,1-2,190,1,1-2,120,1,1-6,240,4,2-6,510,8,1-2-6,1140,4,1-2-6,630,3,1,1,4302,西 野 翔 太,63,49,6.9,1,0.06,108.2,2,2,4108,吉 村 正 明,37,46,6.91,2,0.06,110.6,3,6,4702,三 浦 敬 太,73,43,6.89,6,0.08,111.4,4,4,3432,宮 迫 暢 彦,54,65,6.93,4,0.04,111.5,5,3,3944,山 口 裕 二,53,66,6.98,3,0.09,,6,5,4105,松 下 直 也,31,51,7.01,5,0.09,
202402012412,ＢＯＡＴＢｏｙカップ,第1日,2024/02/01,大村,12R,発祥地選抜,1800,雨,,0,1,差し,3,470,3,200,2,150,3-2,3020,8,2-3,680,3,2-3,270,4,3-5,420,6,2-5,670,7,3-2-5,9950,28,2-3-5,2340,9,1,3,3920,正 木 聖 賢,40,35,6.83,3,0.08,108.1,2,2,3743,林 美 憲,45,30,6.87,2,0.13,110.0,3,5,4063,市 橋 卓 士,15,59,6.93,5,0.08,111.2,4,4,3412,鈴 木 博,16,60,6.94,4,0.16,112.4,5,6,4184,渡 邊 雄一郎,36,29,6.91,6,0.11,,6,1,4064,原 田 篤 志,50,12,7.0,1,0.13,
202402012301,第６回住信ＳＢＩネット銀行賞,第2日,2024/02/01,唐津,01R,朝１戦予選,1800,曇り,北,1,1,逃げ,1,130,1,100,3,170,1-3,260,1,1-3,290,1,1-3,140,1,1-2,190,3,2-3,310,7,1-3-2,930,2,1-2-3,380,2,1,1,4214,林 祐 介,15,72,6.76,1,0.12,108.8,2,3,4936,戸 敷 晃 美,65,86,6.69,3,0.16,109.9,3,2,4004,山 本 浩 輔,48,82,6.72,2,0.14,111.9,4,4,4525,真 子 奈津実,17,36,6.69,4,0.17,112.7,5,6,3044,三 宅 爾 士,46,69,6.9,6,0.16,113.6,6,5,4349,犬 童 千 秋,36,39,6.74,5,0.1,113.7
202402012302,第６回住信ＳＢＩネット銀行賞,第2日,2024/02/01,唐津,02R,３ライズ戦予,1800,曇り,北,3,3,まくり,1,230,1,100,2,100,1-2,260,1,1-2,130,1,1-2,120,1,1-4,210,4,2-4,220,5,1-2-4,1140,4,1-2-4,440,2,1,1,4580,長谷川 雅 和,63,90,6.87,1,0.1,110.1,2,2,4877,鈴 谷 一 平,24,44,6.72,2,0.08,111.3,3,4,3797,岩 井 繁,67,41,6.75,5,0.11,112.7,4,5,3809,吉 田 光,58,75,6.76,4,0.15,113.4,5,3,3604,武 藤 綾 子,16,64,6.78,3,0.12,114.3,6,6,3577,向 所 浩 二,23,53,6.76,6,0.05,117.6
202402012304,第６回住信ＳＢＩネット銀行賞,第2日,2024/02/01,唐津,04R,おは４戦予選,1800,曇り,北,3,3,まくり,2,120,2,110,3,150,2-3,300,1,2-3,230,1,2-3,120,1,1-2,180,3,1-3,420,9,2-3-1,2180,8,1-2-3,490,3,1,2,3556,田 中 信一郎,22,46,6.8,2,0.13,109.0,2,3,4931,木 谷 賢 太,32,63,6.82,3,0.19,110.8,3,1,4744,伊 藤 玲 奈,55,32,6.85,1,0.18,112.5,4,5,5124,上 瀧 絢 也,57,42,6.79,6,0.13,113.7,5,4,4359,横 川 聖 志,45,70,6.86,4,0.23,114.9,6,6,4413,水 摩 敦,49,81,6.81,5,0.24,116.7
202402012305,第６回住信ＳＢＩネット銀行賞,第2日,2024/02/01,唐津,05R,予選特賞Ｂ,1800,曇り,北,3,3,逃げ,1,200,1,110,2,150,1-2,390,1,1-2,320,2,1-2,160,3,1-5,130,2,2-5,130,1,1-2-5,1050,1,1-2-5,340,1,1,1,4639,雑 賀 勇 貴,13,35,6.8,1,0.15,109.7,2,2,3975,小野寺 智 洋,66,62,6.8,2,0.13,110.6,3,5,4643,近 江 翔 吾,25,45,6.82,5,0.17,112.1,4,4,4782,浜 崎 準 也,64,48,6.86,4,0.13,113.2,5,3,3044,三 宅 爾 士,46,69,6.94,3,0.14,113.8,6,6,3224,栗 山 繁 洋,27,80,6.74,6,0.26,115.4
202402012306,第６回住信ＳＢＩネット銀行賞,第2日,2024/02/01,唐津,06R,予選,1800,曇り,北,2,2,差し,2,280,2,230,1,320,2-1,560,2,1-2,330,1,1-2,100,1,2-4,130,2,1-4,200,3,2-1-4,990,1,1-2-4,260,1,1,2,3304,烏 野 賢 太,37,79,6.75,2,0.19,109.4,2,1,4349,犬 童 千 秋,36,39,6.72,1,0.18,111.4,3,4,4852,川 原 祐 明,34,76,6.77,4,0.21,112.4,4,3,5033,藤 原 孝 斗,19,40,6.75,3,0.24,113.6,5,5,3998,冨 成 謙 児,62,54,6.74,5,0.27,115.1,6,6,3604,武 藤 綾 子,16,64,6.78,6,0.29,116.9
202402012307,第６回住信ＳＢＩネット銀行賞,第2日,2024/02/01,唐津,07R,予選,1800,曇り,北,2,2,まくり,2,390,2,120,1,110,2-1,580,3,1-2,290,1,1-2,140,2,2-3,110,1,1-3,160,3,2-1-3,1350,3,1-2-3,210,1,1,2,3442,宮 武 英 司,38,67,6.77,2,0.09,109.3,2,1,3809,吉 田 光,58,75,6.8,1,0.11,110.5,3,3,4356,長 岡 良 也,47,38,6.87,3,0.13,112.2,4,4,4405,南 野 利 騰,54,74,6.81,4,0.11,112.3,5,6,3631,田 添 康 介,26,55,6.75,6,0.19,114.0,6,5,4936,戸 敷 晃 美,65,86,6.72,5,0.12,115.5
202402012308,第６回住信ＳＢＩネット銀行賞,第2日,2024/02/01,唐津,08R,予選,1800,曇り,北,3,3,差し,3,260,3,140,1,140,3-1,530,1,1-3,270,1,1-3,190,1,3-4,570,8,1-4,520,7,3-1-4,3390,14,1-3-4,840,4,1,3,3388,今 垣 光太郎,52,59,6.84,3,0.11,109.7,2,1,4525,真 子 奈津実,17,36,6.75,1,0.09,111.1,3,4,4744,伊 藤 玲 奈,55,32,6.84,4,0.19,112.9,4,2,3548,室 田 泰 史,31,83,6.87,2,0.08,113.2,5,5,4580,長谷川 雅 和,63,90,6.89,5,0.16,113.8,6,6,3871,池 田 紫 乃,14,87,6.84,6,0.19,116.3
202402012309,第６回住信ＳＢＩネット銀行賞,第2日,2024/02/01,唐津,09R,予選,1800,曇り,北,4,4,,3,1780,3,360,4,180,3-4,3170,12,3-4,1260,7,3-4,350,8,1-3,310,7,1-4,120,1,3-4-1,8170,34,1-3-4,490,2,1,3,3577,向 所 浩 二,23,53,6.82,3,0.12,110.0,2,4,4236,松 村 敏,44,65,6.77,4,0.14,111.4,3,1,4222,山 口 高 志,70,60,6.84,1,0.09,113.3,4,6,4435,服 部 達 哉,28,71,6.86,6,0.16,114.6,5,2,5124,上 瀧 絢 也,57,42,6.76,2,0.13,115.9,6,5,4004,山 本 浩 輔,48,82,6.76,5,0.31,117.2
202402012310,第６回住信ＳＢＩネット銀行賞,第2日,2024/02/01,唐津,10R,予選特賞Ａ,1800,曇り,北,4,4,,2,460,2,170,1,100,2-1,820,3,1-2,190,1,1-2,140,2,2-4,230,5,1-4,130,1,2-1-4,1700,4,1-2-4,210,1,1,2,4413,水 摩 敦,49,81,6.78,2,0.08,110.3,2,1,3788,一 宮 稔 弘,12,52,6.89,1,0.07,111.1,3,4,4877,鈴 谷 一 平,24,44,6.81,4,0.12,113.3,4,3,4467,渡 邉 俊 介,68,84,6.91,3,0.09,113.8,5,5,4639,雑 賀 勇 貴,13,35,6.82,5,0.18,114.9,6,6,5033,藤 原 孝 斗,19,40,6.8,6,0.17,115.6
202402012311,第６回住信ＳＢＩネット銀行賞,第2日,2024/02/01,唐津,11R,予選特選,1800,曇り,北,4,4,,3,170,3,150,4,220,3-4,330,1,3-4,270,1,3-4,120,1,3-5,130,2,4-5,170,4,3-4-5,620,1,3-4-5,400,2,1,3,3556,田 中 信一郎,22,46,6.82,3,0.05,109.6,2,4,4675,井 手 良 太,30,56,6.88,4,0.11,110.7,3,5,4214,林 祐 介,15,72,6.88,5,0.14,112.0,4,2,4709,岡 村 将 也,50,49,6.81,2,0.03,112.8,5,6,4405,南 野 利 騰,54,74,6.89,6,0.1,114.9,,,,,,,,,,
202402012312,第６回住信ＳＢＩネット銀行賞,第2日,2024/02/01,唐津,12R,選抜戦（Ａ）,1800,曇り,北,4,4,逃げ,1,100,1,100,2,110,1-2,320,1,1-2,250,1,1-2,170,3,1-4,160,2,2-4,560,9,1-2-4,1020,3,1-2-4,480,2,1,1,3388,今 垣 光太郎,52,59,6.87,1,0.2,110.0,2,2,4356,長 岡 良 也,47,38,6.9,2,0.22,110.7,3,4,3975,小野寺 智 洋,66,62,6.85,4,0.17,111.2,4,6,3304,烏 野 賢 太,37,79,6.89,6,0.13,112.9,5,3,3484,芝 田 浩 治,18,85,6.94,3,0.21,113.7,6,5,4931,木 谷 賢 太,32,63,6.89,5,0.17,114.1
202402012001,第４１回日本財団会長杯,第3日,2024/02/01,若松,01R,一般戦,1800,曇り,東,1,1,逃げ,1,170,1,100,2,150,1-2,460,1,1-2,320,1,1-2,140,1,1-4,370,7,2-4,350,6,1-2-4,1550,3,1-2-4,970,4,1,1,3928,林 恵 祐,18,56,6.91,1,0.17,111.0,2,2,3930,岸 本 隆,39,19,6.94,2,0.17,111.7,3,4,4678,水 野 望 美,41,46,6.96,4,0.14,113.1,4,3,5039,倉 田 茂 将,46,68,6.92,3,0.12,113.8,5,6,5135,仲 航 太,3,34,6.93,6,0.19,,6,5,4496,内 堀 学,14,16,7.0,5,0.18,
202402012002,第４１回日本財団会長杯,第3日,2024/02/01,若松,02R,一般戦,1800,曇り,東,1,1,逃げ,1,130,1,100,5,200,1-5,1190,4,1-5,710,4,1-5,160,3,1-2,150,1,2-5,400,7,1-5-2,2320,9,1-2-5,830,3,1,1,4094,中 島 真 二,26,74,6.86,1,0.12,111.7,2,5,4487,三 原 司,29,29,6.86,5,0.12,112.1,3,2,4976,金 山 立 樹,43,32,6.87,2,0.21,112.9,4,4,4143,浦 田 晃 嗣,17,36,6.9,4,0.09,114.2,5,3,3950,石 川 哲 秀,58,59,7.0,3,0.07,,6,6,4720,西 澤 日花里,33,53,6.88,6,0.14,
202402012003,第４１回日本財団会長杯,第3日,2024/02/01,若松,03R,一般戦,1800,曇り,東,1,1,,5,590,5,290,3,180,5-3,4130,19,3-5,1240,10,3-5,440,10,2-5,260,5,2-3,270,6,5-3-2,12860,59,2-3-5,1040,10,1,5,3939,渡 辺 真 至,54,17,6.91,5,0.16,111.5,2,3,3579,中 里 優 子,55,75,6.87,3,0.15,112.2,3,2,4301,関 裕 也,20,14,6.98,1,0.13,114.8,4,6,3507,藤 井 徹,53,28,6.98,6,0.26,115.4,5,4,3550,都 築 正 治,7,73,6.91,4,0.13,,6,1,3775,泉 啓 文,47,54,6.98,2,0.21,
202402012004,第４１回日本財団会長杯,第3日,2024/02/01,若松,04R,一般戦,1800,曇り,東,1,1,逃げ,1,190,1,140,4,350,1-4,1780,9,1-4,3420,8,1-4,530,7,1-6,220,2,4-6,700,10,1-4-6,10580,37,1-4-6,3090,11,1,1,4245,高 橋 直 哉,23,41,6.93,1,0.09,118.0,2,4,5148,松 本 怜,49,67,6.94,4,0.08,122.1,3,6,3915,繁野谷 圭 介,12,18,6.94,6,0.14,126.3,4,5,5198,奥 村 明日香,1,48,6.93,5,0.06,128.8,5,3,4027,松 江 秀 徳,44,22,6.92,3,0.07,,,,,,,,,,,
202402012005,第４１回日本財団会長杯,第3日,2024/02/01,若松,05R,進入固定戦隊  進入固定,1800,曇り,東,1,1,逃げ,1,120,1,100,4,120,1-4,340,2,1-4,270,2,1-4,160,2,1-3,340,5,3-4,450,8,1-4-3,1550,6,1-3-4,950,5,1,1,4743,木 村 仁 紀,15,71,6.92,1,0.14,110.2,2,4,4980,佐々木 完 太,11,30,6.87,4,0.26,112.4,3,3,3551,藤 田 美 代,57,50,6.88,3,0.19,113.2,4,5,4954,内 山 峻 輔,34,38,6.92,5,0.15,115.6,5,2,4513,河 野 真 也,40,15,6.89,2,0.15,,6,6,5169,堀 本 翔 太,32,25,6.96,6,0.37,
202402012006,第４１回日本財団会長杯,第3日,2024/02/01,若松,06R,一般戦,1800,曇り,東,1,1,差し,2,1240,2,190,1,100,2-1,2740,8,1-2,550,3,1-2,210,3,2-3,320,5,1-3,140,1,2-1-3,8650,26,1-2-3,780,4,1,2,5135,仲 航 太,3,34,6.95,2,0.22,110.7,2,1,3853,岩 崎 正 哉,35,20,6.9,1,0.19,111.9,3,3,4981,牧 山 敦 也,10,40,6.87,3,0.16,113.2,4,6,3576,白 水 勝 也,48,31,6.92,6,0.24,113.2,5,5,3928,林 恵 祐,18,56,6.95,5,0.24,,6,4,4122,安 東 幸 治,8,26,6.95,4,0.17,
202402012007,第４１回日本財団会長杯,第3日,2024/02/01,若松,07R,一般戦,1800,曇り,,0,1,逃げ,1,120,1,100,5,110,1-5,340,1,1-5,190,1,1-5,170,2,1-6,210,3,5-6,260,5,1-5-6,1040,2,1-5-6,400,2,1,1,3872,岡 田 憲 行,50,55,6.95,1,0.23,110.4,2,5,4816,村 松 修 二,27,69,6.93,4,0.16,111.7,3,6,5017,澤 田 尚 也,4,47,6.86,5,0.21,113.3,4,2,4487,三 原 司,29,29,6.91,2,0.28,114.5,5,3,5195,北 村 寧 々,25,21,6.91,3,0.22,,6,4,4085,荻 野 裕 介,45,62,6.94,6,0.22,
202402012008,第４１回日本財団会長杯,第3日,2024/02/01,若松,08R,エイトビート,1800,曇り,北東,3,3,逃げ,1,100,1,100,2,120,1-2,170,1,1-2,210,1,1-2,160,3,1-6,370,6,2-6,870,9,1-2-6,1200,5,1-2-6,1010,4,1,1,3961,谷 村 一 哉,22,43,6.91,1,0.09,111.4,2,2,4022,待 鳥 雄 紀,31,61,6.89,2,0.07,112.7,3,6,4976,金 山 立 樹,43,32,6.89,6,0.24,113.7,4,3,3684,清 水 攻 二,60,65,6.97,3,0.15,114.3,5,4,5162,松 尾 怜 実,13,44,6.94,4,0.18,,6,5,3930,岸 本 隆,39,19,6.95,5,0.22,
202402012009,第４１回日本財団会長杯,第3日,2024/02/01,若松,09R,準優勝戦,1800,曇り,北東,3,3,逃げ,1,120,1,100,3,110,1-3,240,1,1-3,190,1,1-3,120,1,1-2,140,2,2-3,260,5,1-3-2,600,2,1-2-3,220,1,1,1,3915,繁野谷 圭 介,12,18,6.92,1,0.12,110.3,2,3,4980,佐々木 完 太,11,30,7.0,3,0.13,112.0,3,2,3939,渡 辺 真 至,54,17,6.98,2,0.11,114.1,4,5,4513,河 野 真 也,40,15,7.0,5,0.14,114.7,5,4,3579,中 里 優 子,55,75,6.92,4,0.13,,6,6,4094,中 島 真 二,26,74,7.0,6,0.13,
202402012010,第４１回日本財団会長杯,第3日,2024/02/01,若松,10R,準優勝戦,1800,曇り,北東,3,3,差し,2,380,2,110,1,130,2-1,570,3,1-2,230,1,1-2,110,1,2-3,140,3,1-3,110,2,2-1-3,1420,4,1-2-3,230,1,1,2,4743,木 村 仁 紀,15,71,6.97,2,0.27,111.1,2,1,3550,都 築 正 治,7,73,6.98,1,0.24,113.1,3,3,3576,白 水 勝 也,48,31,7.01,3,0.23,113.8,4,4,4027,松 江 秀 徳,44,22,6.95,4,0.22,114.1,5,6,3853,岩 崎 正 哉,35,20,6.94,6,0.28,,6,5,3551,藤 田 美 代,57,50,6.88,5,0.22,
202402012011,第４１回日本財団会長杯,第3日,2024/02/01,若松,11R,準優勝戦,1800,曇り,北東,1,1,逃げ,1,120,1,100,4,300,1-4,640,3,1-4,570,3,1-4,180,3,1-2,180,2,2-4,450,7,1-4-2,1620,7,1-2-4,490,3,1,1,4816,村 松 修 二,27,69,6.96,1,0.18,108.8,2,4,4981,牧 山 敦 也,10,40,6.98,4,0.18,110.6,3,2,3872,岡 田 憲 行,50,55,7.04,2,0.24,112.6,4,5,4301,関 裕 也,20,14,7.05,5,0.2,114.3,5,3,3961,谷 村 一 哉,22,43,7.01,3,0.28,,6,6,3731,高 濱 芳 久,30,24,6.97,6,0.23,
202402012012,第４１回日本財団会長杯,第3日,2024/02/01,若松,12R,一般戦,1800,曇り,北東,1,1,差し,3,700,3,160,1,100,3-1,1230,5,1-3,210,1,1-3,190,2,3-6,660,11,1-6,310,5,3-1-6,6680,19,1-3-6,1440,7,1,3,4954,内 山 峻 輔,34,38,6.89,3,0.09,110.0,2,1,4122,安 東 幸 治,8,26,6.94,1,0.11,111.5,3,6,4085,荻 野 裕 介,45,62,6.96,6,0.21,113.3,4,4,3684,清 水 攻 二,60,65,6.95,4,0.18,114.5,5,2,4143,浦 田 晃 嗣,17,36,6.93,2,0.14,,6,5,4022,待 鳥 雄 紀,31,61,6.92,5,0.16,
202402011901,ミッドナイトボートレース１１ｔｈ　日本財団会長杯,第4日,2024/02/01,下関,01R,予選,1800,曇り,北東,2,2,,3,760,3,430,1,150,3-1,2490,12,1-3,770,4,1-3,200,3,3-5,160,2,1-5,150,1,3-1-5,5200,18,1-3-5,510,2,1,3,4527,高 野 心 吾,51,26,6.8,3,0.16,109.0,2,1,3891,谷 口 健 一,44,24,6.82,1,0.15,110.2,3,5,4475,末 永 祐 輝,49,14,6.81,5,0.16,111.6,4,4,4750,井 上 尚 悟,40,30,6.82,4,0.18,113.4,5,2,4041,小 林 基 樹,24,23,6.82,2,0.22,,6,6,5264,登 みひ果,33,15,6.88,6,0.15,
202402011902,ミッドナイトボートレース１１ｔｈ　日本財団会長杯,第4日,2024/02/01,下関,02R,予選,1800,曇り,北東,4,4,逃げ,1,130,1,100,2,130,1-2,290,1,1-2,220,1,1-2,140,1,1-3,150,2,2-3,170,3,1-2-3,660,1,1-2-3,280,1,1,1,4273,佐 藤 旭,43,73,6.85,1,0.21,109.6,2,2,4679,植 田 太 一,66,47,6.75,2,0.28,111.0,3,3,3559,水 長 照 雄,72,31,6.8,3,0.25,112.8,4,5,3714,梶 原 正,62,39,6.83,6,0.18,114.3,5,4,4275,菅 野 はやか,46,53,6.79,4,0.19,,6,6,3929,杢 野 誓 良,37,43,6.88,5,0.17,
202402011903,ミッドナイトボートレース１１ｔｈ　日本財団会長杯,第4日,2024/02/01,下関,03R,予選,1800,曇り,北東,3,3,,3,110,3,100,6,130,3-6,250,1,3-6,120,1,3-6,130,2,3-5,250,4,5-6,450,6,3-6-5,1080,4,3-5-6,400,3,1,3,4630,岩 永 雅 人,20,49,6.81,4,0.07,110.8,2,6,3620,信 濃 由 行,23,37,7.0,5,0.15,113.1,3,5,5291,三 嶌 こころ,42,29,6.93,6,0.17,114.5,4,2,5223,森 清 友 翔,15,20,6.88,3,0.07,114.8,,,,,,,,,,,,,,,,,,,,
202402011904,ミッドナイトボートレース１１ｔｈ　日本財団会長杯,第4日,2024/02/01,下関,04R,予選,1800,曇り,北東,3,3,逃げ,1,290,1,180,3,220,1-3,1290,7,1-3,790,4,1-3,190,4,1-2,190,3,2-3,130,1,1-3-2,2520,9,1-2-3,380,2,1,1,4449,中 嶋 達 也,27,62,6.86,1,0.16,109.8,2,3,4732,堀 本 和 也,69,58,6.96,2,0.15,111.1,3,2,3300,川 崎 智 幸,45,35,6.88,3,0.19,112.3,4,5,5173,谷 口 佳 蓮,52,42,6.95,5,0.25,113.4,5,4,5200,筒 井 美 琴,57,19,6.85,6,0.13,,6,6,3574,大 神 康 司,55,17,6.92,4,0.34,
202402011905,ミッドナイトボートレース１１ｔｈ　日本財団会長杯,第4日,2024/02/01,下関,05R,シーモ戦,1800,曇り,北東,4,4,逃げ,1,170,1,100,2,110,1-2,210,1,1-2,190,1,1-2,130,2,1-4,230,5,2-4,230,4,1-2-4,840,3,1-2-4,390,2,1,1,4529,嶋 義 信,12,28,6.84,1,0.12,109.4,2,2,3874,山 本 寛 久,47,66,6.78,2,0.17,110.3,3,4,3427,大 賀 広 幸,58,46,6.86,4,0.23,112.7,4,3,4434,田 中 辰 彦,61,57,6.86,3,0.24,113.2,5,6,3674,岸 恵 子,68,70,6.91,5,0.16,,6,5,4035,杉 江 浩 明,56,65,6.84,6,0.13,
202402011906,ミッドナイトボートレース１１ｔｈ　日本財団会長杯,第4日,2024/02/01,下関,06R,予選,1800,曇り,北東,3,3,まくり,3,290,3,170,4,960,3-4,2410,12,3-4,1790,6,3-4,480,7,2-3,180,2,2-4,680,9,3-4-2,9390,37,2-3-4,960,5,1,3,4052,興 津 藍,31,56,6.81,3,0.26,109.1,2,4,4244,鈴 木 成 美,19,55,6.87,4,0.17,110.7,3,2,4264,長 尾 章 平,35,33,6.91,2,0.29,112.4,4,1,4275,菅 野 はやか,46,53,6.85,1,0.32,112.7,5,6,3730,塩 崎 優 司,67,18,6.92,6,0.21,,6,5,4278,藤 岡 俊 介,22,48,6.89,5,0.17,
202402011907,ミッドナイトボートレース１１ｔｈ　日本財団会長杯,第4日,2024/02/01,下関,07R,ふく〜る特賞,1800,曇り,北東,4,4,逃げ,1,130,1,120,2,140,1-2,290,1,1-2,260,2,1-2,120,1,1-6,370,4,2-6,450,6,1-2-6,1870,6,1-2-6,1160,5,1,1,4583,古 田 祐 貴,11,40,6.81,1,0.09,109.3,2,2,4260,中 越 博 紀,17,72,6.85,2,0.14,110.7,3,6,4151,下 河 誉 史,53,50,6.84,6,0.2,112.4,4,4,4600,井 内 将太郎,50,12,6.87,4,0.11,112.9,5,5,3981,今 坂 晃 広,16,38,6.88,5,0.14,,6,3,3891,谷 口 健 一,44,24,6.87,3,0.12,
202402011908,ミッドナイトボートレース１１ｔｈ　日本財団会長杯,第4日,2024/02/01,下関,08R,予選  進入固定,1800,曇り,北東,4,4,逃げ,1,130,1,100,3,200,1-3,750,4,1-3,590,3,1-3,210,2,1-5,240,3,3-5,460,8,1-3-5,2510,10,1-3-5,1710,5,1,1,4618,乃 村 康 友,36,11,6.84,1,0.18,109.4,2,3,3454,井 川 大 作,54,60,6.87,3,0.17,110.8,3,5,4679,植 田 太 一,66,47,6.79,5,0.23,111.3,4,2,5173,谷 口 佳 蓮,52,42,6.83,2,0.23,113.0,5,6,5291,三 嶌 こころ,42,29,6.91,6,0.26,,6,4,4703,森 永 隆,65,71,6.79,4,0.21,
202402011909,ミッドナイトボートレース１１ｔｈ　日本財団会長杯,第4日,2024/02/01,下関,09R,予選,1800,曇り,北東,5,5,逃げ,1,120,1,100,6,230,1-6,620,3,1-6,540,3,1-6,240,3,1-3,420,5,3-6,1290,13,1-6-3,3100,12,1-3-6,1440,6,1,1,4797,中 山 将,59,21,6.81,1,0.11,109.5,2,6,4163,山 崎 裕 司,25,52,6.84,5,0.2,110.7,3,3,4246,喜 多 那由夏,13,16,6.87,3,0.15,111.4,4,4,3559,水 長 照 雄,72,31,6.8,4,0.15,112.8,5,2,3427,大 賀 広 幸,58,46,6.91,2,0.19,,6,5,5264,登 みひ果,33,15,6.87,6,0.15,
202402011910,ミッドナイトボートレース１１ｔｈ　日本財団会長杯,第4日,2024/02/01,下関,10R,予選特賞,1800,曇り,北東,4,4,まくり,2,710,2,370,3,320,2-3,8550,26,2-3,4500,13,2-3,730,10,2-6,690,9,3-6,290,4,2-3-6,27210,64,2-3-6,4460,14,1,2,4244,鈴 木 成 美,19,55,6.82,4,0.14,108.7,2,3,3265,今 村 暢 孝,39,27,6.87,2,0.09,109.8,3,6,3874,山 本 寛 久,47,66,6.8,5,0.13,111.2,4,1,4732,堀 本 和 也,69,58,6.83,1,0.04,112.6,5,4,3929,杢 野 誓 良,37,43,6.89,6,0.11,,6,5,4041,小 林 基 樹,24,23,6.83,3,0.21,
202402011911,ミッドナイトボートレース１１ｔｈ　日本財団会長杯,第4日,2024/02/01,下関,11R,予選特選,1800,曇り,北東,4,4,まくり,3,960,3,240,1,100,3-1,3660,11,1-3,440,2,1-3,210,2,3-4,490,9,1-4,230,3,3-1-4,19850,48,1-3-4,970,7,1,3,3574,大 神 康 司,55,17,6.89,3,0.17,109.5,2,1,4278,藤 岡 俊 介,22,48,6.9,1,0.13,110.9,3,4,3674,岸 恵 子,68,70,6.92,4,0.15,112.1,4,2,4750,井 上 尚 悟,40,30,6.86,2,0.17,112.2,5,5,4630,岩 永 雅 人,20,49,6.8,5,0.2,,6,6,4600,井 内 将太郎,50,12,6.88,6,0.15,
202402011912,ミッドナイトボートレース１１ｔｈ　日本財団会長杯,第4日,2024/02/01,下関,12R,一般シーボー,1800,曇り,北東,4,4,逃げ,1,120,1,100,3,100,1-3,290,1,1-3,220,1,1-3,130,1,1-6,240,4,3-6,290,5,1-3-6,930,3,1-3-6,420,2,1,1,4434,田 中 辰 彦,61,57,6.81,1,0.24,109.0,2,3,4260,中 越 博 紀,17,72,6.8,3,0.24,110.3,3,6,4703,森 永 隆,65,71,6.8,6,0.28,110.6,4,2,4273,佐 藤 旭,43,73,6.86,2,0.24,112.3,5,5,5223,森 清 友 翔,15,20,6.82,5,0.33,,6,4,4527,高 野 心 吾,51,26,6.84,4,0.28,
202402011801,くだまつ健康パーク杯争奪戦,第1日,2024/02/01,徳山,01R,モーニング予,1800,雨,北東,1,1,逃げ,1,110,1,170,5,910,1-5,780,4,1-5,510,4,1-5,140,1,1-3,190,4,3-5,770,11,1-5-3,3260,13,1-3-5,1050,5,1,1,3892,草 場 康 幸,43,54,6.93,1,0.12,111.0,2,5,4272,大 場 広 孝,47,60,6.92,5,0.15,111.5,3,3,4855,江 頭 賢 太,11,67,6.95,3,0.1,113.6,4,2,3246,星 野 政 彦,57,38,6.93,2,0.15,115.4,5,6,5238,笹 木 香 吾,72,64,6.92,6,0.16,,6,4,4226,村 田 浩 司,12,47,6.94,4,0.19,
202402011802,くだまつ健康パーク杯争奪戦,第1日,2024/02/01,徳山,02R,モーニング予,1800,雨,北,1,1,差し,3,550,3,150,1,100,3-1,1690,5,1-3,360,2,1-3,190,2,3-6,590,7,1-6,620,10,3-1-6,11900,33,1-3-6,1800,5,1,3,3842,星 野 太 郎,28,12,6.99,3,0.19,110.0,2,1,3838,伊 藤 啓 三,27,22,6.92,1,0.16,112.0,3,6,4724,吉 田 祐 貴,50,74,6.92,6,0.27,113.4,4,5,5138,村 本 大 成,45,23,6.95,5,0.24,114.3,5,4,4889,後 藤 盛 也,29,57,6.95,4,0.17,,6,2,5092,篠 原 晟 弥,62,28,6.91,2,0.26,
202402011803,くだまつ健康パーク杯争奪戦,第1日,2024/02/01,徳山,03R,モーニング予,1800,雨,北西,1,1,逃げ,1,110,1,100,5,680,1-5,1020,4,1-5,840,4,1-5,240,4,1-4,150,1,4-5,610,9,1-5-4,2790,11,1-4-5,620,3,1,1,4958,溝 口 海義也,56,49,6.89,1,0.13,110.4,2,5,5000,岡 本 翔太郎,36,24,6.88,5,0.1,112.2,3,4,4348,宮 崎 奨,16,56,6.88,4,0.13,113.4,4,2,3361,岡 部 浩,60,53,6.95,2,0.17,113.6,5,3,3297,藤 丸 光 一,44,65,6.89,3,0.17,,6,6,3745,橋 本 年 光,35,58,6.93,6,0.15,
202402011804,くだまつ健康パーク杯争奪戦,第1日,2024/02/01,徳山,04R,モーニング予,1800,曇り,東,1,1,逃げ,1,100,1,100,4,260,1-4,570,3,1-4,450,2,1-4,150,2,1-2,140,1,2-4,330,8,1-4-2,1260,5,1-2-4,330,1,1,1,4452,松 尾 祭,54,34,6.92,1,0.27,110.6,2,4,3414,加 瀬 智 宏,59,55,6.9,4,0.19,112.4,3,2,4049,荒 川 健 太,55,66,6.92,2,0.27,113.7,4,5,4060,島 田 一 生,42,11,6.94,5,0.2,115.1,5,6,5307,富 永 夏哉人,14,32,6.91,6,0.24,,6,3,4636,赤 池 修 平,34,36,6.94,3,0.26,
202402011805,くだまつ健康パーク杯争奪戦,第1日,2024/02/01,徳山,05R,グランプリ特,1800,曇り,西,1,1,差し,2,880,2,120,1,100,2-1,1160,4,1-2,220,1,1-2,160,2,2-4,180,3,1-4,130,1,2-1-4,2570,10,1-2-4,420,3,1,2,3319,山 崎 義 明,63,42,6.89,2,0.07,110.1,2,1,4523,中 村 辰 也,51,35,6.94,1,0.09,111.7,3,4,4437,中 田 元 泰,22,52,6.92,4,0.09,111.8,4,3,4817,渡 邉 翼,24,70,6.93,3,0.11,113.3,5,6,4638,小 林 遼 太,65,72,6.92,5,0.21,,6,5,3892,草 場 康 幸,43,54,6.92,6,0.17,
202402011806,くだまつ健康パーク杯争奪戦,第1日,2024/02/01,徳山,06R,予選,1800,曇り,西,1,1,差し,3,540,3,810,2,480,3-2,3950,12,2-3,1900,6,2-3,510,6,3-4,700,8,2-4,700,8,3-2-4,25930,56,2-3-4,4050,13,1,3,3589,西 村 勝,31,25,7.0,3,0.12,110.8,2,2,4724,吉 田 祐 貴,50,74,6.93,2,0.13,111.7,3,4,4982,中 村 将 隆,67,19,6.97,4,0.09,112.9,4,5,4193,郷 原 章 平,39,44,6.95,5,0.17,114.6,5,1,3619,長谷川 充,52,51,6.93,1,0.23,,6,6,4226,村 田 浩 司,12,47,6.95,6,0.13,
202402011807,くだまつ健康パーク杯争奪戦,第1日,2024/02/01,徳山,07R,予選,1800,曇り,南西,1,1,差し,2,1010,2,400,6,240,2-6,2710,11,2-6,2040,7,2-6,350,4,2-5,690,9,5-6,1020,10,2-6-5,23310,53,2-5-6,3990,10,1,2,3347,矢 後 剛,46,59,6.94,2,0.26,110.9,2,6,4402,乙 藤 智 史,37,50,6.88,5,0.16,111.5,3,5,4855,江 頭 賢 太,11,67,6.91,4,0.18,113.7,4,3,4950,高 岡 竜 也,23,43,6.93,3,0.21,115.1,5,1,3297,藤 丸 光 一,44,65,6.88,1,0.22,,,,,,,,,,,
202402011808,くだまつ健康パーク杯争奪戦,第1日,2024/02/01,徳山,08R,特賞,1800,曇り,南西,1,1,逃げ,1,120,1,100,2,110,1-2,280,1,1-2,150,1,1-2,100,1,1-4,100,2,2-4,170,3,1-2-4,460,1,1-2-4,200,1,1,1,4060,島 田 一 生,42,11,6.88,1,0.14,110.8,2,2,4824,松 井 洪 弥,61,68,6.9,2,0.12,111.6,3,4,4958,溝 口 海義也,56,49,6.93,4,0.1,113.0,4,3,3889,須 藤 隆 雄,53,39,6.98,3,0.09,114.1,5,6,3792,田 中 豪,58,63,6.97,6,0.21,,6,5,5238,笹 木 香 吾,72,64,6.93,5,0.16,
202402011809,くだまつ健康パーク杯争奪戦,第1日,2024/02/01,徳山,09R,予選,1800,曇り,北西,1,1,差し,4,2960,4,500,2,210,4-2,7200,17,2-4,2030,8,2-4,410,4,4-6,1850,14,2-6,410,4,4-2-6,38510,66,2-4-6,4650,16,1,4,4638,小 林 遼 太,65,72,6.93,4,0.2,111.1,2,2,4009,小 林 一 樹,48,18,6.91,2,0.16,112.2,3,6,3842,星 野 太 郎,28,12,6.95,6,0.21,113.0,4,5,4059,入 澤 友 治,40,75,6.93,5,0.14,113.9,5,1,4272,大 場 広 孝,47,60,6.92,1,0.17,,6,3,3414,加 瀬 智 宏,59,55,6.91,3,0.19,
202402011810,くだまつ健康パーク杯争奪戦,第1日,2024/02/01,徳山,10R,予選,1800,曇り,西,1,1,差し,3,500,3,220,4,480,3-4,3820,11,3-4,4080,10,3-4,420,6,3-6,530,8,4-6,960,12,3-4-6,10270,32,3-4-6,3570,13,1,3,3838,伊 藤 啓 三,27,22,6.95,3,0.13,111.3,2,4,3619,長谷川 充,52,51,6.98,4,0.2,112.0,3,6,4049,荒 川 健 太,55,66,6.98,6,0.26,113.9,4,1,3246,星 野 政 彦,57,38,6.9,1,0.16,115.6,5,5,4727,安 部 慎 一,75,48,6.97,5,0.26,,6,2,4817,渡 邉 翼,24,70,6.87,2,0.22,
202402011811,くだまつ健康パーク杯争奪戦,第1日,2024/02/01,徳山,11R,すなっち特賞,1800,曇り,西,1,1,差し,3,210,3,150,4,110,3-4,880,4,3-4,530,3,3-4,210,3,2-3,370,8,2-4,300,4,3-4-2,6360,22,2-3-4,1700,7,1,3,4402,乙 藤 智 史,37,50,6.89,3,0.15,110.8,2,4,4523,中 村 辰 也,51,35,6.94,4,0.15,112.3,3,2,3072,西 田 靖,13,71,6.95,2,0.18,113.7,4,6,3752,宇 土 泰 就,30,16,6.87,6,0.15,114.3,5,5,3543,福 田 雅 一,19,45,6.93,5,0.16,,6,1,4636,赤 池 修 平,34,36,6.9,1,0.21,
202402011812,くだまつ健康パーク杯争奪戦,第1日,2024/02/01,徳山,12R,ドリーム戦,1800,曇り,西,1,1,逃げ,1,100,1,100,2,130,1-2,400,1,1-2,220,1,1-2,160,3,1-3,160,2,2-3,250,4,1-2-3,920,1,1-2-3,450,1,1,1,4193,郷 原 章 平,39,44,6.9,1,0.16,110.6,2,2,4452,松 尾 祭,54,34,6.94,2,0.17,111.2,3,3,4348,宮 崎 奨,16,56,6.9,3,0.19,112.4,4,5,4824,松 井 洪 弥,61,68,6.87,5,0.13,113.2,5,4,4950,高 岡 竜 也,23,43,6.91,4,0.19,,6,6,4889,後 藤 盛 也,29,57,6.9,6,0.09,
202402011501,ＢＴＳ朝倉開設３１周年記念,第2日,2024/02/01,丸亀,01R,予選,1800,曇り,北,1,1,逃げ,1,240,1,110,4,100,1-4,930,3,1-4,610,3,1-4,190,3,1-3,140,2,3-4,310,6,1-4-3,1780,5,1-3-4,410,2,1,1,3910,松 下 知 幸,30,41,6.75,1,0.13,111.4,2,4,3553,平 池 仁 志,1,55,6.82,4,0.15,112.9,3,3,4904,松 本 一 毅,44,22,6.74,3,0.14,113.7,4,2,3807,岡 部 哲,13,29,6.68,2,0.15,115.1,5,5,4672,守 屋 大 地,51,59,6.77,5,0.16,116.1,6,6,5328,井 上 慧 人,10,54,6.79,6,0.14,118.4
202402011502,ＢＴＳ朝倉開設３１周年記念,第2日,2024/02/01,丸亀,02R,予選,1800,曇り,北,3,3,差し,5,380,5,300,3,360,5-3,3560,17,3-5,1440,8,3-5,450,9,1-5,270,4,1-3,250,3,5-3-1,12510,56,1-3-5,980,7,1,5,4614,石 倉 洋 行,60,60,6.7,5,0.11,110.2,2,3,3401,上 田 隆 章,8,8,6.74,3,0.07,111.7,3,1,4695,尾 崎 雄 二,16,16,6.71,1,0.16,112.8,4,4,3885,久 田 武,33,38,6.73,4,0.16,114.1,5,2,4905,土 井 祥 伍,55,36,6.72,2,0.11,114.3,6,6,5333,山 下 智 己,46,52,6.84,6,0.21,116.5
202402011503,ＢＴＳ朝倉開設３１周年記念,第2日,2024/02/01,丸亀,03R,予選,1800,曇り,北東,1,1,差し,4,480,4,120,2,140,4-2,950,5,2-4,360,1,2-4,150,1,4-6,230,4,2-6,330,9,4-2-6,2010,6,2-4-6,560,3,1,4,4228,吉 田 慎二郎,27,66,6.7,4,0.18,111.0,2,2,4593,小 坂 宗 司,63,57,6.68,2,0.09,111.9,3,6,4725,佐 竹 太 一,6,11,6.78,5,0.23,113.5,4,3,3233,小 畑 実 成,54,4,6.78,3,0.11,114.8,5,5,5330,安河内 鈴之介,52,30,6.8,6,0.24,116.2,6,1,5154,村 松 栄 太,62,9,6.66,1,0.17,118.0
202402011504,ＢＴＳ朝倉開設３１周年記念,第2日,2024/02/01,丸亀,04R,予選,1800,曇り,北,4,4,差し,3,210,3,120,1,110,3-1,710,2,1-3,260,1,1-3,170,1,2-3,300,6,1-2,250,4,3-1-2,3330,12,1-2-3,470,2,1,3,4713,白 神 優,11,12,6.69,3,0.19,110.2,2,1,4007,榮 田 将 彦,50,33,6.72,1,0.26,111.4,3,2,3736,岡 本 猛,41,37,6.72,2,0.25,113.2,4,5,4446,和 田 兼 輔,2,2,6.69,5,0.3,114.6,5,6,5018,竹 下 大 樹,3,21,6.76,6,0.31,115.1,6,4,3501,川 上 昇 平,39,6,6.79,4,0.29,116.9
202402011505,ＢＴＳ朝倉開設３１周年記念,第2日,2024/02/01,丸亀,05R,予選,1800,曇り,北,4,4,逃げ,1,150,1,190,3,190,1-3,490,1,1-3,300,1,1-3,130,2,1-5,210,4,3-5,110,1,1-3-5,1100,1,1-3-5,290,1,1,1,5107,松 本 真 広,65,3,6.71,1,0.08,109.9,2,3,4710,福 田 宗 平,48,40,6.75,3,0.22,110.8,3,5,4090,中 村 尊,47,49,6.64,5,0.22,112.4,4,4,4574,東 潤 樹,59,65,6.76,4,0.24,113.9,5,2,3701,大 西 隆 洋,19,64,6.72,2,0.21,115.4,6,6,4299,中 島 浩 哉,29,28,6.81,6,0.23,116.3
202402011506,ＢＴＳ朝倉開設３１周年記念,第2日,2024/02/01,丸亀,06R,カチ勝ち６,1800,曇り,北,4,4,逃げ,1,140,1,100,3,120,1-3,240,1,1-3,210,1,1-3,120,1,1-4,140,2,3-4,170,3,1-3-4,540,1,1-3-4,230,1,1,1,4953,尾 上 雅 也,9,32,6.67,1,0.1,109.9,2,3,4424,松 尾 昂 明,5,25,6.54,3,0.12,111.3,3,4,3717,立 間 充 宏,57,46,6.76,4,0.09,113.0,4,2,4666,日 笠 勝 弘,22,23,6.66,2,0.12,113.5,5,5,5333,山 下 智 己,46,52,6.77,6,0.13,116.3,6,6,4946,船 越 健 吾,36,1,6.77,5,0.16,116.6
202402011507,ＢＴＳ朝倉開設３１周年記念,第2日,2024/02/01,丸亀,07R,穴ガチ７,1800,曇り,北東,4,4,差し,2,650,2,330,5,300,2-5,5850,14,2-5,2580,8,2-5,520,8,2-3,310,3,3-5,380,6,2-5-3,18670,39,2-3-5,1150,5,1,2,3828,明 石 正 之,66,48,6.69,2,0.18,110.3,2,5,4677,片 橋 幸 貴,17,53,6.72,5,0.11,110.5,3,3,4239,竹 田 辰 也,56,26,6.66,3,0.11,113.0,4,4,3233,小 畑 実 成,54,4,6.74,4,0.13,114.9,5,1,4614,石 倉 洋 行,60,60,6.63,1,0.19,116.0,6,6,3807,岡 部 哲,13,29,6.72,6,0.16,117.0
202402011508,ＢＴＳ朝倉開設３１周年記念,第2日,2024/02/01,丸亀,08R,ガチ勝゛ち８  進入固定,1800,曇り,北,4,4,差し,4,500,4,100,1,100,4-1,690,3,1-4,200,1,1-4,120,1,4-5,340,5,1-5,410,6,4-1-5,2570,10,1-4-5,540,3,1,4,5005,石 田 貴 洋,14,63,6.66,4,0.08,110.3,2,1,4713,白 神 優,11,12,6.7,1,0.12,111.4,3,5,4905,土 井 祥 伍,55,36,6.72,5,0.12,112.0,4,3,3553,平 池 仁 志,1,55,6.76,3,0.15,114.1,5,6,5330,安河内 鈴之介,52,30,6.81,6,0.11,115.8,6,2,4442,松 竹 大 輔,40,20,6.69,2,0.12,117.0
202402011509,ＢＴＳ朝倉開設３１周年記念,第2日,2024/02/01,丸亀,09R,ウチまる特賞,1800,曇り,北,5,5,差し,2,360,2,150,1,100,2-1,600,3,1-2,290,1,1-2,130,1,2-4,140,2,1-4,140,3,2-1-4,1700,5,1-2-4,240,1,1,2,4090,中 村 尊,47,49,6.67,2,0.08,109.3,2,1,4363,大 野 芳 顕,28,31,6.68,1,0.11,110.9,3,4,4446,和 田 兼 輔,2,2,6.62,4,0.18,112.6,4,5,4593,小 坂 宗 司,63,57,6.68,5,0.16,114.1,5,6,4253,西 川 真 人,12,44,6.7,6,0.19,115.4,6,3,4672,守 屋 大 地,51,59,6.74,3,0.15,116.3
202402011510,ＢＴＳ朝倉開設３１周年記念,第2日,2024/02/01,丸亀,10R,まるがめ特賞,1800,曇り,北,5,5,逃げ,1,110,1,100,2,130,1-2,180,1,1-2,180,1,1-2,110,1,1-4,170,3,2-4,220,4,1-2-4,560,2,1-2-4,310,2,1,1,4424,松 尾 昂 明,5,25,6.6,1,0.21,110.2,2,2,4069,山 本 修 一,35,56,6.75,2,0.23,110.8,3,4,3696,白 井 友 晴,32,39,6.71,4,0.21,112.9,4,6,3401,上 田 隆 章,8,8,6.71,6,0.18,114.0,5,5,4007,榮 田 将 彦,50,33,6.75,5,0.17,115.4,6,3,4967,中 村 魁 生,58,14,6.75,3,0.24,116.3
202402011511,ＢＴＳ朝倉開設３１周年記念,第2日,2024/02/01,丸亀,11R,予選選抜,1800,曇り,北,5,5,差し,2,680,2,130,3,700,2-3,4500,11,2-3,3220,9,2-3,610,10,2-5,310,5,3-5,1240,13,2-3-5,26960,53,2-3-5,6040,15,1,2,4677,片 橋 幸 貴,17,53,6.71,2,0.17,110.0,2,3,4299,中 島 浩 哉,29,28,6.7,3,0.16,111.2,3,5,3885,久 田 武,33,38,6.68,4,0.29,112.8,4,1,3717,立 間 充 宏,57,46,6.66,1,0.19,114.1,5,4,4725,佐 竹 太 一,6,11,6.65,6,0.27,114.2,6,6,3736,岡 本 猛,41,37,6.64,5,0.29,115.6
202402011512,ＢＴＳ朝倉開設３１周年記念,第2日,2024/02/01,丸亀,12R,予選選抜,1800,曇り,北,4,4,逃げ,1,130,1,100,4,340,1-4,1210,5,1-4,1380,4,1-4,400,6,1-5,170,1,4-5,1020,15,1-4-5,5070,18,1-4-5,2360,9,1,1,4239,竹 田 辰 也,56,26,6.59,1,0.2,109.9,2,4,4695,尾 崎 雄 二,16,16,6.65,4,0.14,110.5,3,5,4710,福 田 宗 平,48,40,6.66,5,0.14,111.3,4,3,4953,尾 上 雅 也,9,32,6.63,3,0.23,112.7,5,2,5018,竹 下 大 樹,3,21,6.59,2,0.24,113.7,6,6,4228,吉 田 慎二郎,27,66,6.64,6,0.18,116.1
202402011401,第１２回ボートレースレディースＶＳルーキーズバトル,第6日,2024/02/01,鳴門,01R,一般,1800,曇り,北西,3,3,逃げ,1,120,1,100,4,160,1-4,700,3,1-4,520,3,1-4,180,3,1-3,170,2,3-4,240,5,1-4-3,1490,5,1-3-4,390,1,1,1,5106,山 崎 祥,13,27,6.93,1,0.18,108.1,2,4,5274,城 間 盛 渚,64,66,6.87,4,0.27,109.4,3,3,5278,田 中 駿 兵,62,52,6.91,3,0.15,109.6,4,2,5122,相 馬 翔,63,32,6.99,2,0.14,112.8,5,6,5044,渡 邉 健,60,12,6.98,6,0.31,,6,5,5085,中 村 栄 治,76,36,7.04,5,0.37,
202402011402,第１２回ボートレースレディースＶＳルーキーズバトル,第6日,2024/02/01,鳴門,02R,一般,1800,曇り,北西,4,4,逃げ,1,190,1,170,4,200,1-4,690,2,1-4,700,2,1-4,220,3,1-3,130,1,3-4,190,2,1-4-3,1880,5,1-3-4,390,1,1,1,4714,喜多須 杏 奈,38,56,6.9,1,0.1,108.5,2,4,4611,今 井 美 亜,55,11,6.95,4,0.33,109.7,3,3,4746,大豆生田 蒼,67,68,6.9,3,0.13,111.4,4,2,4733,赤 井 睦,36,64,6.94,2,0.16,112.3,5,5,4473,藤 堂 里 香,74,65,6.96,5,0.15,,6,6,4878,西 岡 育 未,12,15,6.94,6,0.17,
202402011403,第１２回ボートレースレディースＶＳルーキーズバトル,第6日,2024/02/01,鳴門,03R,一般,1800,曇り,北西,3,3,まくり,4,400,4,140,1,150,4-1,950,4,1-4,280,1,1-4,120,1,2-4,240,5,1-2,150,2,4-1-2,3530,12,1-2-4,410,2,1,4,5228,若 林 樹 蘭,72,63,6.94,4,0.11,108.7,2,1,5158,宮 脇 遼 太,75,35,6.95,1,0.26,109.6,3,2,5279,石 渡 翔一郎,33,14,7.03,2,0.19,111.4,4,5,5240,高 橋 龍 治,24,26,6.97,5,0.09,111.6,5,3,5187,小 坂 風 太,22,13,6.87,3,0.36,,6,6,5282,中 本 大 樹,51,51,7.01,6,0.1,
202402011404,第１２回ボートレースレディースＶＳルーキーズバトル,第6日,2024/02/01,鳴門,04R,一般,1800,曇り,北西,3,3,差し,2,170,2,150,5,280,2-5,700,3,2-5,420,2,2-5,170,1,2-6,260,4,5-6,340,8,2-5-6,1930,3,2-5-6,820,4,1,2,5056,西 岡 成 美,35,54,6.8,2,0.07,107.7,2,5,4961,西 橋 奈 未,56,28,6.82,4,0.07,108.0,3,6,5088,高 憧 四 季,18,18,6.86,5,0.11,109.7,4,4,5281,井 上 遥 妃,59,38,6.92,6,0.11,111.5,5,3,3470,新 田 芳 美,32,34,6.95,3,0.09,,6,1,3932,池 田 浩 美,79,70,6.98,1,0.09,
202402011405,第１２回ボートレースレディースＶＳルーキーズバトル,第6日,2024/02/01,鳴門,05R,団体・一般,1800,曇り,北西,4,4,差し,3,1470,3,550,2,500,3-2,7230,19,2-3,4010,11,2-3,780,9,3-6,1080,13,2-6,910,11,3-2-6,45540,82,2-3-6,9970,19,1,3,5025,粟 田 祥,65,30,6.99,3,0.24,108.6,2,2,5085,中 村 栄 治,76,36,6.94,2,0.23,109.6,3,6,4313,西 村 美智子,34,57,6.94,6,0.32,111.6,4,4,4289,落 合 直 子,58,62,6.95,4,0.26,112.8,5,5,4317,木 村 紗友希,50,37,6.97,5,0.27,,6,1,5050,木 下 雄 介,53,22,6.91,1,0.33,
202402011406,第１２回ボートレースレディースＶＳルーキーズバトル,第6日,2024/02/01,鳴門,06R,団体・一般,1800,曇り,北西,4,4,逃げ,1,120,1,120,6,200,1-6,460,2,1-6,360,2,1-6,160,2,1-4,230,3,4-6,450,7,1-6-4,2010,6,1-4-6,760,4,1,1,4642,松 尾 夏 海,54,78,6.96,1,0.14,107.8,2,6,5191,飛 田 江 己,37,39,6.91,6,0.12,109.8,3,4,5122,相 馬 翔,63,32,6.95,4,0.12,110.7,4,5,5274,城 間 盛 渚,64,66,6.93,5,0.09,111.7,5,3,4878,西 岡 育 未,12,15,6.96,3,0.16,,6,2,5241,門 田 栞,27,58,6.98,2,0.23,
202402011407,第１２回ボートレースレディースＶＳルーキーズバトル,第6日,2024/02/01,鳴門,07R,団体・一般,1800,晴,北西,4,4,逃げ,1,170,1,120,4,180,1-4,380,1,1-4,450,2,1-4,170,1,1-5,260,4,4-5,290,5,1-4-5,1350,3,1-4-5,570,2,1,1,5278,田 中 駿 兵,62,52,6.89,1,0.04,107.3,2,4,4746,大豆生田 蒼,67,68,6.92,4,0.11,107.9,3,5,4183,宇 野 弥 生,52,74,6.85,5,0.08,110.7,4,6,4011,堀之内 紀代子,66,25,6.89,6,0.18,112.3,5,2,5187,小 坂 風 太,22,13,6.89,2,0.09,,6,3,5240,高 橋 龍 治,24,26,6.95,3,0.07,
202402011408,第１２回ボートレースレディースＶＳルーキーズバトル,第6日,2024/02/01,鳴門,08R,団体・一般,1800,晴,北西,3,3,,1,120,1,100,3,150,1-3,260,1,1-3,250,1,1-3,110,1,1-5,180,3,3-5,220,4,1-3-5,680,1,1-3-5,290,1,1,1,4611,今 井 美 亜,55,11,6.91,1,0.16,107.9,2,3,4450,平 高 奈 菜,26,59,6.93,3,0.15,109.7,3,5,5145,島 川 海 輝,39,21,6.87,5,0.15,112.1,4,4,5282,中 本 大 樹,51,51,7.02,4,0.12,113.1,5,2,3470,新 田 芳 美,32,34,6.95,2,0.2,,6,6,5258,仲 本 舜,70,75,6.98,6,0.21,
202402011409,第１２回ボートレースレディースＶＳルーキーズバトル,第6日,2024/02/01,鳴門,09R,団体・一般,1800,曇り,北西,4,4,逃げ,1,240,1,130,4,230,1-4,1230,4,1-4,2860,5,1-4,440,5,1-2,200,2,2-4,330,4,1-4-2,2610,8,1-2-4,370,1,1,1,5032,谷 口 知 優,78,77,6.97,1,0.15,108.1,2,4,4733,赤 井 睦,36,64,7.07,4,0.17,109.8,3,2,5115,香 川 颯 太,57,29,6.91,2,0.17,111.4,4,6,5281,井 上 遥 妃,59,38,6.91,6,0.2,112.6,5,3,5044,渡 邉 健,60,12,7.14,3,0.13,,6,5,3932,池 田 浩 美,79,70,7.02,5,0.21,
202402011410,第１２回ボートレースレディースＶＳルーキーズバトル,第6日,2024/02/01,鳴門,10R,団体・選抜Ｂ,1800,曇り,北西,3,3,逃げ,1,100,1,120,3,150,1-3,320,1,1-3,310,1,1-3,170,1,1-4,190,4,3-4,360,5,1-3-4,930,1,1-3-4,400,2,1,1,5088,高 憧 四 季,18,18,6.85,1,0.08,107.5,2,3,4289,落 合 直 子,58,62,6.99,3,0.06,109.6,3,4,5106,山 崎 祥,13,27,6.9,4,0.14,110.7,4,6,5158,宮 脇 遼 太,75,35,6.98,6,0.09,111.8,5,5,5279,石 渡 翔一郎,33,14,6.85,5,0.1,,6,2,4473,藤 堂 里 香,74,65,6.9,2,0.08,
202402011411,第１２回ボートレースレディースＶＳルーキーズバトル,第6日,2024/02/01,鳴門,11R,団体・選抜Ａ,1800,曇り,北西,2,2,逃げ,1,120,1,100,4,190,1-4,410,3,1-4,380,3,1-4,160,1,1-5,450,8,4-5,470,9,1-4-5,2150,8,1-4-5,1090,4,1,1,4961,西 橋 奈 未,56,28,6.88,1,0.01,106.7,2,4,5056,西 岡 成 美,35,54,6.76,4,0.04,108.9,3,5,4714,喜多須 杏 奈,38,56,6.84,5,0.05,110.5,4,6,5050,木 下 雄 介,53,22,6.87,6,0.09,111.9,5,2,5199,垂 水 悠,25,60,6.81,2,0.02,,6,3,5228,若 林 樹 蘭,72,63,6.82,3,0.06,
202402011412,第１２回ボートレースレディースＶＳルーキーズバトル,第6日,2024/02/01,鳴門,12R,団体・優勝,1800,雨,北西,2,2,逃げ,1,100,1,100,4,140,1-4,350,2,1-4,330,3,1-4,220,3,1-5,270,4,4-5,630,10,1-4-5,1350,7,1-4-5,770,5,1,1,5136,濱 野 斗 馬,14,16,6.83,1,0.01,106.9,2,4,4123,細 川 裕 子,20,20,6.82,4,0.14,108.2,3,5,3618,海 野 ゆかり,68,73,6.88,5,0.14,110.0,4,6,5114,小 林 孝 彰,16,24,6.79,6,0.18,111.2,5,3,5091,為 本 智 也,10,71,6.83,3,0.15,,6,2,3611,岩 崎 芳 美,31,23,6.82,2,0.12,
202402011301,スポーツニッポン杯争奪伊丹市施行７０周年記念競走,第4日,2024/02/01,尼崎,01R,朝からセンプ,1800,曇り,南東,1,0,差し,3,170,3,100,5,130,3-5,580,3,3-5,380,2,3-5,120,2,1-3,110,1,1-5,240,6,3-5-1,990,3,1-3-5,220,1,1,3,4237,大 峯 豊,61,64,6.8,3,0.17,108.8,2,5,4319,三 宅 潤,26,16,6.86,4,0.18,110.4,3,1,4154,森 安 弘 雅,27,40,6.86,1,0.25,111.9,4,2,4984,森 下 愛 梨,40,47,6.85,2,0.27,113.5,5,4,4619,伏 田 裕 隆,1,51,6.79,5,0.26,114.5,6,6,5326,三 嶌 さらら,52,38,6.85,6,0.26,116.5
202402011302,スポーツニッポン杯争奪伊丹市施行７０周年記念競走,第4日,2024/02/01,尼崎,02R,一般,1800,曇り,,0,0,まくり,4,1030,4,1580,6,2490,4-6,16500,13,4-6,4580,8,4-6,690,10,1-4,130,1,1-6,260,4,4-6-1,37390,35,1-4-6,760,4,1,4,4133,高 橋 正 男,13,73,6.87,4,0.03,107.8,2,6,3881,浦 上 拓 也,37,33,6.83,6,0.11,109.9,3,1,3908,重 成 一 人,42,25,6.83,1,0.14,111.3,4,5,4511,中 岡 健 人,33,26,6.86,5,0.05,112.6,5,3,3873,別 府 昌 樹,17,13,6.92,3,0.12,115.1,6,2,3602,奥 平 拓 也,23,74,6.93,2,0.29,117.0
202402011303,スポーツニッポン杯争奪伊丹市施行７０周年記念競走,第4日,2024/02/01,尼崎,03R,一般,1800,曇り,,0,0,差し,5,730,5,220,2,180,5-2,2780,10,2-5,1730,6,2-5,290,4,1-5,560,10,1-2,350,5,5-2-1,13460,46,1-2-5,1400,8,1,5,5060,数 原 魁,35,62,6.81,5,0.12,108.8,2,2,4842,山 下 昂 大,55,57,6.82,2,0.12,109.9,3,1,3793,高 橋 真 吾,9,37,6.82,1,0.18,111.2,4,4,4571,菅 章 哉,38,72,6.75,4,0.13,113.2,5,6,5275,松 田 淳 平,46,66,6.8,6,0.08,114.1,6,3,3617,竹 田 広 樹,28,20,6.8,3,0.15,117.6
202402011304,スポーツニッポン杯争奪伊丹市施行７０周年記念競走,第4日,2024/02/01,尼崎,04R,一般,1800,曇り,東,2,0,逃げ,1,120,1,100,2,110,1-2,240,1,1-2,210,1,1-2,110,1,1-4,150,2,2-4,180,4,1-2-4,600,1,1-2-4,260,1,1,1,3362,間 嶋 仁 志,48,29,6.88,1,0.18,108.5,2,2,4526,池 田 雄 祐,44,60,6.83,2,0.17,109.2,3,4,4934,佐々木 翔 斗,54,46,6.86,4,0.26,110.8,4,6,4994,山 本 梨 菜,14,44,6.87,6,0.21,111.7,5,3,3339,泉 具 巳,6,68,6.84,3,0.12,112.1,6,5,4300,加 藤 綾,5,17,6.81,5,0.22,113.7
202402011305,スポーツニッポン杯争奪伊丹市施行７０周年記念競走,第4日,2024/02/01,尼崎,05R,一般,1800,曇り,東,3,0,逃げ,1,130,1,100,3,120,1-3,270,2,1-3,140,1,1-3,180,3,1-2,360,4,2-3,430,5,1-3-2,1600,5,1-2-3,570,3,1,1,4500,山 田 康 二,16,15,6.8,1,0.11,108.2,2,3,4084,杉 山 正 樹,29,61,6.89,3,0.07,109.6,3,2,4419,原 加央理,36,41,6.81,2,0.09,110.6,4,5,3942,寺 田 祥,10,30,6.87,5,0.12,111.0,5,4,4879,山 崎 鉄 平,25,27,6.9,4,0.28,113.0,6,6,3697,勝 野 竜 司,24,18,6.83,6,0.13,115.1
202402011306,スポーツニッポン杯争奪伊丹市施行７０周年記念競走,第4日,2024/02/01,尼崎,06R,昼どきピンク,1800,曇り,北東,2,0,逃げ,1,160,1,110,2,280,1-2,910,4,1-2,860,3,1-2,320,4,1-5,260,3,2-5,890,9,1-2-5,5370,12,1-2-5,2780,6,1,1,4762,藤 原 啓史朗,4,59,6.94,1,0.11,109.7,2,2,5204,宇 恵 有 香,56,54,6.88,2,0.12,110.2,3,5,3868,尾 形 栄 治,19,50,6.84,5,0.2,111.0,4,4,4685,島 村 隆 幸,2,53,6.82,4,0.17,111.8,5,3,4984,森 下 愛 梨,40,47,6.86,3,0.15,114.3,6,6,5324,畑 田 希 咲,32,48,6.88,6,0.22,117.3
202402011307,スポーツニッポン杯争奪伊丹市施行７０周年記念競走,第4日,2024/02/01,尼崎,07R,一般,1800,曇り,北東,4,0,まくり,4,270,4,100,3,140,4-3,750,2,3-4,280,1,3-4,150,1,4-5,350,9,3-5,760,12,4-3-5,4360,21,3-4-5,1450,8,1,4,3822,平 尾 崇 典,8,70,6.79,4,0.09,109.6,2,3,3024,西 島 義 則,34,63,6.97,2,0.13,110.2,3,5,3617,竹 田 広 樹,28,20,6.89,5,0.14,112.0,4,6,4243,西 村 歩,31,42,6.92,6,0.07,112.3,5,2,4511,中 岡 健 人,33,26,6.92,3,0.12,113.3,6,1,4358,松 本 庸 平,39,56,6.87,1,0.14,115.7
202402011308,スポーツニッポン杯争奪伊丹市施行７０周年記念競走,第4日,2024/02/01,尼崎,08R,一般,1800,曇り,北西,3,0,逃げ,1,100,1,100,4,350,1-4,320,2,1-4,350,2,1-4,170,3,1-5,150,2,4-5,320,6,1-4-5,980,4,1-4-5,470,3,1,1,4361,柳 生 泰 二,45,58,6.9,1,0.15,108.2,2,4,4654,篠 田 優 也,59,34,6.87,4,0.13,110.7,3,5,4842,山 下 昂 大,55,57,6.89,5,0.18,111.4,4,3,4934,佐々木 翔 斗,54,46,6.88,2,0.21,111.8,5,6,4031,飯 島 誠,60,12,6.91,6,0.18,113.5,6,2,4154,森 安 弘 雅,27,40,6.9,3,0.19,116.7
202402011309,スポーツニッポン杯争奪伊丹市施行７０周年記念競走,第4日,2024/02/01,尼崎,09R,一般,1800,曇り,,0,0,逃げ,1,130,1,110,3,120,1-3,280,1,1-3,200,1,1-3,120,1,1-4,140,2,3-4,190,3,1-3-4,840,1,1-3-4,280,1,1,1,4084,杉 山 正 樹,29,61,6.87,1,0.23,109.8,2,3,4571,菅 章 哉,38,72,6.76,3,0.22,110.7,3,4,3852,澤 大 介,43,71,6.85,4,0.26,112.4,4,2,4300,加 藤 綾,5,17,6.83,2,0.19,112.4,5,5,4790,柳 内 敬 太,30,28,6.89,5,0.25,115.4,6,6,4619,伏 田 裕 隆,1,51,6.81,6,0.25,117.4
202402011310,スポーツニッポン杯争奪伊丹市施行７０周年記念競走,第4日,2024/02/01,尼崎,10R,準優勝戦,1800,曇り,南東,1,0,逃げ,1,100,1,100,2,110,1-2,210,1,1-2,150,1,1-2,100,1,1-3,120,2,2-3,170,3,1-2-3,400,1,1-2-3,180,1,1,1,3942,寺 田 祥,10,30,6.87,1,0.12,108.2,2,2,3908,重 成 一 人,42,25,6.9,2,0.11,109.2,3,3,4526,池 田 雄 祐,44,60,6.85,3,0.11,111.5,4,4,4319,三 宅 潤,26,16,6.85,4,0.17,113.1,5,5,5275,松 田 淳 平,46,66,6.81,5,0.13,114.0,6,6,4419,原 加央理,36,41,6.85,6,0.19,117.3
202402011311,スポーツニッポン杯争奪伊丹市施行７０周年記念競走,第4日,2024/02/01,尼崎,11R,準優勝戦,1800,曇り,東,2,0,逃げ,1,100,1,100,4,250,1-4,840,4,1-4,670,3,1-4,260,4,1-6,910,6,4-6,1620,10,1-4-6,5700,13,1-4-6,3390,7,1,1,4237,大 峯 豊,61,64,6.78,1,0.05,108.6,2,4,3881,浦 上 拓 也,37,33,6.89,4,0.07,110.2,3,6,3873,別 府 昌 樹,17,13,6.94,6,0.12,111.4,4,5,4762,藤 原 啓史朗,4,59,6.91,5,0.09,111.8,5,3,4500,山 田 康 二,16,15,6.83,3,0.08,112.9,,,,,,,,,,
202402011312,スポーツニッポン杯争奪伊丹市施行７０周年記念競走,第4日,2024/02/01,尼崎,12R,準優勝戦,1800,曇り,東,3,0,差し,2,640,2,140,1,100,2-1,1650,5,1-2,170,1,1-2,120,1,2-4,270,6,1-4,130,2,2-1-4,4810,13,1-2-4,420,2,1,2,4361,柳 生 泰 二,45,58,6.99,2,0.19,108.0,2,1,4685,島 村 隆 幸,2,53,6.83,1,0.19,109.4,3,4,3362,間 嶋 仁 志,48,29,6.98,4,0.25,111.3,4,3,3822,平 尾 崇 典,8,70,6.79,3,0.15,112.9,5,5,4994,山 本 梨 菜,14,44,6.87,5,0.22,113.2,6,6,3793,高 橋 真 吾,9,37,6.95,6,0.19,116.2
202402010501,第３０回神奈川新聞社賞,第3日,2024/02/01,多摩川,01R,予選,1800,曇り,北,1,2,逃げ,1,260,1,150,2,230,1-2,1170,8,1-2,600,4,1-2,210,3,1-4,180,2,2-4,140,1,1-2-4,1940,4,1-2-4,390,1,1,1,4660,宇田川 信 一,21,80,6.83,1,0.22,109.6,2,2,5047,國 分 将太郎,64,65,6.81,2,0.17,111.0,3,4,4472,尾 嶋 一 広,12,39,6.82,4,0.21,112.1,4,5,3175,渡 辺 千 草,71,53,6.85,5,0.19,113.4,5,3,4800,小 寺 拳 人,56,84,6.82,3,0.22,,6,6,4209,藤 田 竜 弘,57,37,6.83,6,0.2,
202402010502,第３０回神奈川新聞社賞,第3日,2024/02/01,多摩川,02R,予選,1800,曇り,北,1,2,逃げ,1,260,1,110,2,100,1-2,350,2,1-2,290,2,1-2,130,1,1-3,170,3,2-3,140,2,1-2-3,620,1,1-2-3,170,1,1,1,4457,神 田 達 也,70,33,6.81,1,0.03,108.8,2,2,4290,稲 田 浩 二,40,63,6.81,2,0.11,110.1,3,3,3826,村 田 修 次,14,56,6.83,3,0.07,111.4,4,5,4345,西 舘 健,72,77,6.85,4,0.11,112.7,5,6,4792,杉 村 賢 也,63,70,6.76,5,0.08,,6,4,5262,鈴 木 章 司,33,21,6.81,6,0.05,
202402010503,第３０回神奈川新聞社賞,第3日,2024/02/01,多摩川,03R,予選,1800,曇り,北,1,2,逃げ,1,170,1,190,2,260,1-2,710,2,1-2,640,3,1-2,200,3,1-4,160,2,2-4,200,4,1-2-4,2170,5,1-2-4,650,4,1,1,3718,伊 達 正 利,52,57,6.82,1,0.14,116.9,2,2,4813,宮 内 直 哉,31,76,6.73,2,0.17,119.7,3,4,4843,深 尾 巴 恵,34,31,6.67,4,0.12,121.5,4,6,4086,寺 本 重 宣,28,52,6.81,5,0.22,123.6,5,3,3624,大 石 和 彦,29,82,6.72,3,0.15,,,,,,,,,,,
202402010504,第３０回神奈川新聞社賞,第3日,2024/02/01,多摩川,04R,予選,1800,曇り,北東,2,2,まくり,5,1050,5,690,6,690,5-6,3440,12,5-6,2910,10,5-6,820,11,3-5,430,6,3-6,580,7,5-6-3,13540,45,3-5-6,2240,10,1,5,4692,酒 井 俊 弘,23,61,6.81,5,0.07,108.8,2,6,4281,大 澤 大 夢,17,27,6.78,6,0.14,110.4,3,3,4794,和 田 拓 也,50,34,6.83,3,0.14,111.7,4,2,4083,福 島 勇 樹,35,42,6.84,2,0.14,113.1,5,1,4845,前 田 紗 希,68,23,6.8,1,0.16,,6,4,3461,渡 邊 哲 也,46,68,6.86,4,0.23,
202402010505,第３０回神奈川新聞社賞,第3日,2024/02/01,多摩川,05R,予選,1800,曇り,北,2,2,逃げ,1,150,1,140,5,220,1-5,640,2,1-5,530,1,1-5,150,1,1-4,220,2,4-5,230,3,1-5-4,1940,2,1-4-5,500,1,1,1,3294,野 中 義 生,11,74,6.75,1,0.13,109.1,2,5,4608,荒 井 翔 伍,69,87,6.78,5,0.09,111.4,3,4,5047,國 分 将太郎,64,65,6.79,4,0.1,112.2,4,6,5045,平 川 香 織,37,73,6.77,6,0.05,112.9,5,3,3895,堀 本 裕 也,27,59,6.78,3,0.08,,6,2,3693,栢 場 優 子,54,40,6.75,2,0.16,
202402010506,第３０回神奈川新聞社賞,第3日,2024/02/01,多摩川,06R,予選,1800,晴,北,2,2,差し,5,2210,5,570,4,160,5-4,5250,18,4-5,1490,6,4-5,370,5,1-5,440,8,1-4,190,2,5-4-1,18480,57,1-4-5,1230,6,1,5,4664,東 口 晃,25,26,6.79,5,0.09,108.4,2,4,4754,松 尾 充,62,28,6.81,4,0.09,109.9,3,1,4345,西 舘 健,72,77,6.85,1,0.11,111.3,4,6,4472,尾 嶋 一 広,12,39,6.73,6,0.09,111.7,5,3,4152,深 水 慎一郎,48,45,6.91,3,0.25,,6,2,4453,永 田 郁 弥,16,78,6.83,2,0.17,
202402010507,第３０回神奈川新聞社賞,第3日,2024/02/01,多摩川,07R,予選,1800,晴,北東,3,2,逃げ,1,110,1,100,2,170,1-2,450,3,1-2,280,2,1-2,180,2,1-3,230,4,2-3,1180,12,1-2-3,2950,10,1-2-3,840,5,1,1,3995,重 野 哲 之,67,47,6.79,1,0.15,108.8,2,2,4792,杉 村 賢 也,63,70,6.83,2,0.15,111.5,3,3,5194,大久保 佑 香,60,46,6.9,3,0.17,112.7,4,5,4448,青 木 玄 太,58,67,6.76,5,0.21,113.1,5,4,4660,宇田川 信 一,21,80,6.83,4,0.23,,6,6,5320,岩 崎 麗 子,43,48,6.78,6,0.18,
202402010508,第３０回神奈川新聞社賞,第3日,2024/02/01,多摩川,08R,予選,1800,晴,北,3,2,差し,2,330,2,130,1,100,2-1,750,2,1-2,280,1,1-2,160,2,2-3,270,5,1-3,180,3,2-1-3,1760,5,1-2-3,370,2,1,2,4828,松 山 将 吾,22,32,6.84,2,0.17,109.2,2,1,4037,別 府 正 幸,74,24,6.8,1,0.19,110.0,3,3,4945,上 村 宏 太,59,36,6.71,3,0.18,111.1,4,6,4290,稲 田 浩 二,40,63,6.79,6,0.14,111.9,5,4,4845,前 田 紗 希,68,23,6.85,4,0.21,,6,5,5130,上 野 拓 馬,47,50,6.86,5,0.23,
202402010509,第３０回神奈川新聞社賞,第3日,2024/02/01,多摩川,09R,予選特賞,1800,晴,北,4,2,,4,880,4,230,5,200,4-5,3010,8,4-5,1810,6,4-5,450,6,1-4,190,2,1-5,210,3,4-5-1,6410,20,1-4-5,520,3,1,4,4066,東 本 勝 利,42,86,6.76,4,0.14,109.1,2,5,4281,大 澤 大 夢,17,27,6.8,5,0.12,110.9,3,1,3826,村 田 修 次,14,56,6.71,1,0.17,112.4,4,6,3175,渡 辺 千 草,71,53,6.81,6,0.14,113.2,5,3,4086,寺 本 重 宣,28,52,6.84,3,0.17,,6,2,4987,島 倉 都,24,25,6.77,2,0.41,
202402010510,第３０回神奈川新聞社賞,第3日,2024/02/01,多摩川,10R,予選特賞,1800,晴,北,3,2,逃げ,1,120,1,110,3,160,1-3,290,1,1-3,250,1,1-3,140,1,1-4,190,4,3-4,360,7,1-3-4,1120,4,1-3-4,650,4,1,1,4794,和 田 拓 也,50,34,6.72,1,0.16,108.5,2,3,5066,鈴 木 孝 明,65,29,6.73,3,0.13,109.9,3,4,4813,宮 内 直 哉,31,76,6.71,4,0.19,111.4,4,2,4664,東 口 晃,25,26,6.68,2,0.17,111.8,5,5,4209,藤 田 竜 弘,57,37,6.67,5,0.18,,6,6,3693,栢 場 優 子,54,40,6.75,6,0.21,
202402010511,第３０回神奈川新聞社賞,第3日,2024/02/01,多摩川,11R,予選特選,1800,晴,北,3,2,まくり,5,1090,5,130,1,100,5-1,2340,7,1-5,570,3,1-5,200,1,3-5,500,11,1-3,200,2,5-1-3,7890,30,1-3-5,460,1,1,5,3995,重 野 哲 之,67,47,6.78,5,0.04,108.4,2,1,4608,荒 井 翔 伍,69,87,6.76,1,0.09,110.2,3,3,4457,神 田 達 也,70,33,6.77,3,0.12,111.7,4,6,4692,酒 井 俊 弘,23,61,6.66,6,,112.9,5,4,4152,深 水 慎一郎,48,45,6.87,4,0.11,,6,2,4843,深 尾 巴 恵,34,31,6.71,2,0.12,
202402010512,第３０回神奈川新聞社賞,第3日,2024/02/01,多摩川,12R,記者選抜戦,1800,晴,北東,3,2,逃げ,1,110,1,100,4,420,1-4,1830,6,1-4,1500,5,1-4,320,5,1-3,160,1,3-4,980,13,1-4-3,5430,19,1-3-4,1710,8,1,1,4448,青 木 玄 太,58,67,6.72,1,0.12,107.6,2,4,3624,大 石 和 彦,29,82,6.73,4,0.12,109.8,3,3,5045,平 川 香 織,37,73,6.76,3,0.18,111.1,4,2,4945,上 村 宏 太,59,36,6.7,2,0.15,112.2,5,6,4754,松 尾 充,62,28,6.81,6,0.09,,6,5,4083,福 島 勇 樹,35,42,6.78,5,0.09,
202402010201,ＢＰ栗橋カップ開設記念・サンスポＺＢＡＴ！杯,第2日,2024/02/01,戸田,01R,予選,1800,晴,北西,7,5,逃げ,1,140,1,120,4,250,1-4,670,3,1-4,440,3,1-4,160,3,1-2,140,1,2-4,190,4,1-4-2,1460,5,1-2-4,400,3,1,1,4973,栗 原 直 也,7,59,6.85,1,0.24,110.8,2,4,4054,福 嶋 智 之,57,71,6.96,4,0.19,113.6,3,2,4846,佐 藤 駿 介,21,51,7.01,2,0.19,114.5,4,3,4410,井 上 大 輔,10,58,7.06,3,0.19,115.0,5,6,5300,横 田 海 人,38,31,7.08,6,0.16,,6,5,5225,斎 藤 凜,34,55,6.93,5,0.14,
202402010202,ＢＰ栗橋カップ開設記念・サンスポＺＢＡＴ！杯,第2日,2024/02/01,戸田,02R,予選,1800,晴,北西,8,5,逃げ,1,220,1,140,2,300,1-2,1030,6,1-2,890,4,1-2,250,4,1-3,140,1,2-3,210,3,1-2-3,2060,6,1-2-3,390,1,1,1,3748,小 黒 竜 吾,25,22,6.86,1,0.12,111.7,2,2,4898,菊 地 敬 介,53,64,6.91,2,0.13,113.9,3,3,3436,柏 野 幸 二,20,53,6.96,3,0.14,115.2,4,5,5120,山 本 稔太朗,27,14,6.98,5,0.22,116.0,5,4,4251,川 崎 誠 志,15,75,6.91,4,0.25,,6,6,5266,石 田 勇 斗,1,28,7.03,6,0.21,
202402010203,ＢＰ栗橋カップ開設記念・サンスポＺＢＡＴ！杯,第2日,2024/02/01,戸田,03R,予選,1800,晴,北西,8,5,差し,2,740,2,250,1,110,2-1,1760,8,1-2,550,3,1-2,280,5,2-3,310,6,1-3,170,2,2-1-3,5960,22,1-2-3,720,3,1,2,4635,峰 重 力 也,17,19,6.98,2,0.16,111.4,2,1,3664,鈴 木 賢 一,26,29,6.94,1,0.14,113.3,3,3,4700,金 子 和 之,32,12,6.94,3,0.25,113.9,4,5,4983,前 田 篤 哉,6,68,6.94,5,0.18,115.2,5,6,3882,新 田 智 彰,60,17,7.07,6,0.21,,6,4,5206,梅 原 祥 平,23,30,6.97,4,0.17,
202402010204,ＢＰ栗橋カップ開設記念・サンスポＺＢＡＴ！杯,第2日,2024/02/01,戸田,04R,予選,1800,晴,北西,10,7,まくり,6,700,6,260,2,150,6-2,2370,9,2-6,640,2,2-6,190,2,4-6,520,10,2-4,370,6,6-2-4,12750,42,2-4-6,1120,5,1,6,4109,谷 津 幸 宏,36,77,7.03,6,0.19,111.5,2,2,3445,加 藤 高 史,22,44,6.96,2,0.23,113.8,3,4,4917,岩 橋 裕 馬,24,74,6.98,4,0.3,114.6,4,1,3305,小 野 信 樹,56,16,6.85,1,0.2,115.7,5,5,3722,西 村 秀 樹,3,52,7.04,5,0.26,,6,3,3434,松 尾 宣 邦,11,42,7.04,3,0.25,
202402010205,ＢＰ栗橋カップ開設記念・サンスポＺＢＡＴ！杯,第2日,2024/02/01,戸田,05R,ウインウイン,1800,晴,北西,10,7,逃げ,1,220,1,100,4,100,1-4,210,1,1-4,180,1,1-4,140,1,1-6,440,8,4-6,290,5,1-4-6,1310,4,1-4-6,610,3,1,1,4150,山 田 雄 太,14,26,6.89,1,0.15,110.9,2,4,4826,井 上 一 輝,13,43,6.86,4,0.18,112.5,3,6,4179,広 次 修,12,13,7.07,6,0.21,114.5,4,3,4865,立 具 敬 司,5,73,7.0,2,0.25,115.8,5,5,3546,中 里 昌 志,31,67,6.96,5,0.17,,6,2,5225,斎 藤 凜,34,55,6.9,3,0.24,
202402010206,ＢＰ栗橋カップ開設記念・サンスポＺＢＡＴ！杯,第2日,2024/02/01,戸田,06R,予選,1800,晴,北西,10,7,,3,350,3,100,1,130,3-1,710,2,1-3,350,1,1-3,190,3,3-5,170,1,1-5,170,2,3-1-5,1740,2,1-3-5,380,1,1,3,4640,山ノ内 雅 人,62,54,6.88,3,0.11,111.7,2,1,4054,福 嶋 智 之,57,71,6.93,1,0.12,112.4,3,5,4505,島 田 賢 人,18,32,6.99,5,0.11,114.1,4,2,3748,小 黒 竜 吾,25,22,6.85,2,0.09,115.1,5,6,4076,杉 田 篤 光,4,11,6.96,6,0.18,,6,4,4567,上 村 慎太郎,63,63,6.84,4,0.16,
202402010207,ＢＰ栗橋カップ開設記念・サンスポＺＢＡＴ！杯,第2日,2024/02/01,戸田,07R,ウインウイン,1800,晴,北西,12,10,まくり,2,540,2,260,1,130,2-1,1050,4,1-2,160,1,1-2,100,1,2-6,400,8,1-6,160,2,2-1-6,3540,14,1-2-6,530,3,1,2,3992,関 口 智 久,8,70,6.94,2,0.15,112.8,2,1,4983,前 田 篤 哉,6,68,6.87,1,0.21,114.3,3,6,4898,菊 地 敬 介,53,64,7.0,6,0.08,115.6,4,4,5181,森 智 哉,55,66,6.93,4,0.17,116.7,5,3,4693,松 下 誉 士,9,69,6.91,3,0.14,,6,5,5300,横 田 海 人,38,31,6.99,5,0.14,
202402010208,ＢＰ栗橋カップ開設記念・サンスポＺＢＡＴ！杯,第2日,2024/02/01,戸田,08R,予選,1800,晴,北西,12,10,差し,2,150,2,160,1,210,2-1,650,2,1-2,320,1,1-2,270,3,2-6,290,5,1-6,550,9,2-1-6,1730,4,1-2-6,830,3,1,2,4488,小 山 勉,64,21,7.01,2,0.11,112.5,2,1,3434,松 尾 宣 邦,11,42,7.21,1,0.17,114.2,3,6,4532,秋 元 哲,2,27,7.39,6,0.2,115.4,4,3,4846,佐 藤 駿 介,21,51,7.29,3,0.11,117.1,5,5,5266,石 田 勇 斗,1,28,7.16,5,0.27,,,,,,,,,,,
202402010209,ＢＰ栗橋カップ開設記念・サンスポＺＢＡＴ！杯,第2日,2024/02/01,戸田,09R,戸田特賞,1200,晴,北西,12,10,,1,140,1,100,5,140,1-5,650,3,1-5,630,4,1-5,200,2,1-4,230,3,4-5,580,11,1-5-4,3560,13,1-4-5,890,5,1,1,4809,外 崎 悟,65,56,6.91,1,0.17,75.1,2,5,4150,山 田 雄 太,14,26,7.03,6,0.13,75.8,3,4,5120,山 本 稔太朗,27,14,7.0,3,0.07,76.6,4,2,4973,栗 原 直 也,7,59,7.03,2,0.08,77.2,5,6,4324,海 野 康志郎,16,57,6.95,4,0.11,,6,3,5206,梅 原 祥 平,23,30,6.85,5,0.15,
202402010210,ＢＰ栗橋カップ開設記念・サンスポＺＢＡＴ！杯,第2日,2024/02/01,戸田,10R,戸田特賞,1200,晴,北西,12,10,まくり,2,370,2,190,5,380,2-5,1690,8,2-5,1000,5,2-5,350,5,2-3,650,9,3-5,810,12,2-5-3,16810,47,2-3-5,4290,14,1,2,4505,島 田 賢 人,18,32,7.02,3,0.17,74.6,2,5,3327,野長瀬 正 孝,54,72,7.03,2,0.23,76.0,3,3,3722,西 村 秀 樹,3,52,7.03,4,0.23,77.5,4,1,3436,柏 野 幸 二,20,53,6.96,1,0.2,78.5,5,4,3381,滝 沢 芳 行,19,18,6.99,5,0.23,,6,6,4410,井 上 大 輔,10,58,7.17,6,0.2,
202402010211,ＢＰ栗橋カップ開設記念・サンスポＺＢＡＴ！杯,第2日,2024/02/01,戸田,11R,戸田特選,1200,晴,北西,12,10,逃げ,1,210,1,120,2,210,1-2,320,1,1-2,230,1,1-2,170,1,1-4,530,11,2-4,560,12,1-2-4,4010,18,1-2-4,1680,8,1,1,4700,金 子 和 之,32,12,6.93,1,0.08,72.9,2,2,4640,山ノ内 雅 人,62,54,7.04,2,0.09,74.2,3,4,4674,池 田 剛 規,59,61,6.99,4,0.11,74.9,4,6,3780,魚 谷 智 之,28,25,7.05,6,0.09,75.7,5,5,4109,谷 津 幸 宏,36,77,6.96,5,0.14,,6,3,4179,広 次 修,12,13,6.95,3,0.08,
202402010212,ＢＰ栗橋カップ開設記念・サンスポＺＢＡＴ！杯,第2日,2024/02/01,戸田,12R,記者選抜戦,1200,晴,北西,12,10,逃げ,1,140,1,100,5,240,1-5,870,4,1-5,640,4,1-5,140,2,1-4,130,1,4-5,300,5,1-5-4,1940,8,1-4-5,520,3,1,1,4826,井 上 一 輝,13,43,6.93,1,0.08,73.4,2,5,3445,加 藤 高 史,22,44,7.04,5,0.06,74.1,3,4,3992,関 口 智 久,8,70,7.07,4,0.08,75.4,4,3,3882,新 田 智 彰,60,17,6.99,3,0.14,76.2,5,2,4076,杉 田 篤 光,4,11,6.92,2,0.1,,,,,,,,,,,
