レースコード,タイトル,日次,レース日,レース場,レース回,レース名,距離(m),電話投票締切予定,1枠_艇番,1枠_登録番号,1枠_選手名,1枠_年齢,1枠_支部,1枠_体重,1枠_級別,1枠_全国勝率,1枠_全国2連対率,1枠_当地勝率,1枠_当地2連対率,1枠_モーター番号,1枠_モーター2連対率,1枠_ボート番号,1枠_ボート2連対率,1枠_今節成績_1-1,1枠_今節成績_1-2,1枠_今節成績_2-1,1枠_今節成績_2-2,1枠_今節成績_3-1,1枠_今節成績_3-2,1枠_今節成績_4-1,1枠_今節成績_4-2,1枠_今節成績_5-1,1枠_今節成績_5-2,1枠_今節成績_6-1,1枠_今節成績_6-2,1枠_早見,2枠_艇番,2枠_登録番号,2枠_選手名,2枠_年齢,2枠_支部,2枠_体重,2枠_級別,2枠_全国勝率,2枠_全国2連対率,2枠_当地勝率,2枠_当地2連対率,2枠_モーター番号,2枠_モーター2連対率,2枠_ボート番号,2枠_ボート2連対率,2枠_今節成績_1-1,2枠_今節成績_1-2,2枠_今節成績_2-1,2枠_今節成績_2-2,2枠_今節成績_3-1,2枠_今節成績_3-2,2枠_今節成績_4-1,2枠_今節成績_4-2,2枠_今節成績_5-1,2枠_今節成績_5-2,2枠_今節成績_6-1,2枠_今節成績_6-2,2枠_早見,3枠_艇番,3枠_登録番号,3枠_選手名,3枠_年齢,3枠_支部,3枠_体重,3枠_級別,3枠_全国勝率,3枠_全国2連対率,3枠_当地勝率,3枠_当地2連対率,3枠_モーター番号,3枠_モーター2連対率,3枠_ボート番号,3枠_ボート2連対率,3枠_今節成績_1-1,3枠_今節成績_1-2,3枠_今節成績_2-1,3枠_今節成績_2-2,3枠_今節成績_3-1,3枠_今節成績_3-2,3枠_今節成績_4-1,3枠_今節成績_4-2,3枠_今節成績_5-1,3枠_今節成績_5-2,3枠_今節成績_6-1,3枠_今節成績_6-2,3枠_早見,4枠_艇番,4枠_登録番号,4枠_選手名,4枠_年齢,4枠_支部,4枠_体重,4枠_級別,4枠_全国勝率,4枠_全国2連対率,4枠_当地勝率,4枠_当地2連対率,4枠_モーター番号,4枠_モーター2連対率,4枠_ボート番号,4枠_ボート2連対率,4枠_今節成績_1-1,4枠_今節成績_1-2,4枠_今節成績_2-1,4枠_今節成績_2-2,4枠_今節成績_3-1,4枠_今節成績_3-2,4枠_今節成績_4-1,4枠_今節成績_4-2,4枠_今節成績_5-1,4枠_今節成績_5-2,4枠_今節成績_6-1,4枠_今節成績_6-2,4枠_早見,5枠_艇番,5枠_登録番号,5枠_選手名,5枠_年齢,5枠_支部,5枠_体重,5枠_級別,5枠_全国勝率,5枠_全国2連対率,5枠_当地勝率,5枠_当地2連対率,5枠_モーター番号,5枠_モーター2連対率,5枠_ボート番号,5枠_ボート2連対率,5枠_今節成績_1-1,5枠_今節成績_1-2,5枠_今節成績_2-1,5枠_今節成績_2-2,5枠_今節成績_3-1,5枠_今節成績_3-2,5枠_今節成績_4-1,5枠_今節成績_4-2,5枠_今節成績_5-1,5枠_今節成績_5-2,5枠_今節成績_6-1,5枠_今節成績_6-2,5枠_早見,6枠_艇番,6枠_登録番号,6枠_選手名,6枠_年齢,6枠_支部,6枠_体重,6枠_級別,6枠_全国勝率,6枠_全国2連対率,6枠_当地勝率,6枠_当地2連対率,6枠_モーター番号,6枠_モーター2連対率,6枠_ボート番号,6枠_ボート2連対率,6枠_今節成績_1-1,6枠_今節成績_1-2,6枠_今節成績_2-1,6枠_今節成績_2-2,6枠_今節成績_3-1,6枠_今節成績_3-2,6枠_今節成績_4-1,6枠_今節成績_4-2,6枠_今節成績_5-1,6枠_今節成績_5-2,6枠_今節成績_6-1,6枠_今節成績_6-2,6枠_早見
202211012201,１Ｒ  サンライズＶ          Ｈ１８００ｍ  電話投票締切予定０８：３４,第4日,2022-11-01,ボートレース芦屋,1R,サンライズＶ,1800,08:34,1,3574,大神康司,50,福岡,54.0,A2,6.11,47.58,6.24,47.83,21,21.52,60,31.07,1,2,5,6,3,,1,0,,,,,,2,3506,宮西真昭,51,佐賀,53.0,B1,3.09,11.36,3.41,12.2,47,32.56,27,30.7,5,2,,,,,6,6,,,,,,3,4896,花本 剛,31,山口,58.0,B1,3.99,12.16,4.7,15.0,43,31.94,47,35.71,6,3,6,,,,5,,,,,,8,4,5177,松井貫太,26,福岡,50.0,B2,1.92,1.04,1.44,2.44,5,36.56,61,28.85,7,,,,,,,,,,,,,5,4270,岸本雄貴,40,三重,61.0,B1,3.56,12.68,,,40,42.39,67,28.43,3,,,,,,4,1,3,,,,11,6,5028,原田才一,26,福岡,52.0,B1,5.66,36.36,4.74,23.85,7,47.78,33,30.48,5,5,,,,,5,1,,,,,9
202211012202,１Ｒ  サンライズＶ          Ｈ１８００ｍ  電話投票締切予定０８：３４,第4日,2022-11-01,ボートレース芦屋,2R,サンライズＷ,1800,08:59,1,3427,大賀広幸,55,山口,53.0,A1,5.94,39.84,6.0,43.33,41,46.91,29,34.58,4,3,1,3,2,,1,1,,,,,,2,4355,小川広大,38,福岡,57.0,B1,4.14,18.58,4.19,21.43,26,31.82,36,26.67,5,,,,,,4,5,3,,,,8,3,3974,深山祐二,46,佐賀,51.0,B1,4.17,30.23,3.81,14.06,49,36.99,11,33.01,5,4,6,,,,4,,,,,,7,4,3439,大平誉史,53,大阪,52.0,A2,6.2,48.41,6.59,51.72,59,35.56,25,26.26,6,4,1,3,1,,6,,,,,,,5,5223,森清友翔,21,福岡,55.0,B2,1.62,1.03,1.27,,3,32.95,50,33.01,6,,,,,,4,4,6,,,,10,6,3164,森脇 徹,61,山口,50.0,B2,4.76,27.38,4.08,17.5,27,32.1,52,42.61,5,,,,,,6,1,2,4,,,
202211012203,１Ｒ  サンライズＶ          Ｈ１８００ｍ  電話投票締切予定０８：３４,第4日,2022-11-01,ボートレース芦屋,3R,サンライズＸ,1800,09:24,1,3562,山下和彦,53,広島,51.0,A2,6.25,42.37,5.86,39.29,53,43.37,12,29.7,1,2,3,,,,4,5,,,,,11,2,4126,吉本玲緒,43,広島,59.0,B1,3.81,16.67,3.59,11.76,31,25.29,37,41.38,4,,,,,,5,4,6,,,,10,3,4066,東本勝利,42,三重,55.0,A1,6.49,50.0,6.71,50.0,2,12.66,13,27.27,6,6,5,2,1,,1,2,,,,,,4,5219,森口和紀,22,福岡,52.0,B2,1.76,1.16,1.12,,25,25.64,54,28.43,5,4,6,,,,6,,,,,,8,5,3430,角浜 修,54,広島,56.0,A2,4.18,26.77,4.58,25.0,18,40.45,69,30.56,6,,,,,,3,5,1,2,,,9,6,3501,川上昇平,53,長崎,54.0,B1,4.82,28.33,4.26,23.81,4,42.86,18,41.07,4,1,4,,,,3,6,,,,,7
202211012204,１Ｒ  サンライズＶ          Ｈ１８００ｍ  電話投票締切予定０８：３４,第4日,2022-11-01,ボートレース芦屋,4R,サンライズＹ 進入固定 Ｈ１８０,ｍ電,09:50,1,3257,田頭 実,55,福岡,50.0,A1,6.78,51.72,7.62,67.68,20,27.71,17,32.08,4,2,2,2,1,,8,,,,,,,2,3477,近藤稔也,52,徳島,56.0,B1,4.04,11.11,4.85,32.35,46,29.79,42,26.67,2,5,6,,,,2,4,,,,,11,3,3986,沖島広和,44,福岡,57.0,A1,5.87,41.59,5.6,37.29,8,28.92,56,29.29,2,4,2,1,1,,1,2,,,,,,4,3107,平岡重典,58,大阪,50.0,B1,4.65,21.3,5.29,29.17,14,28.21,20,41.23,3,1,3,,,,1,4,,,,,,5,4683,向井田直,32,広島,48.0,B2,4.28,24.53,4.31,26.92,56,25.0,41,39.83,5,,,,,,4,3,3,4,,,,6,5207,高山敬悟,25,福岡,52.0,B2,1.48,,1.61,,19,36.73,31,32.74,9,,,,,,,,,,,,
202211012205,１Ｒ  サンライズＶ          Ｈ１８００ｍ  電話投票締切予定０８：３４,第4日,2022-11-01,ボートレース芦屋,5R,サンライズＺ,1800,10:19,1,4136,江夏 満,42,福岡,54.0,A1,6.52,45.31,7.21,57.14,12,30.67,51,30.39,2,5,1,2,5,,1,1,,,,,,2,3616,中村 真,49,福岡,54.0,B2,5.03,34.82,6.14,47.06,17,36.14,21,31.68,2,,,,,,5,2,3,,,,9,3,4471,新田泰章,35,広島,52.0,A2,6.41,45.45,5.44,35.42,51,31.03,64,38.26,3,,,,,,1,1,4,6,,,10,4,4475,末永祐輝,35,山口,54.0,A2,6.12,38.76,6.35,40.0,23,28.57,19,39.29,4,1,1,6,1,,,,,,,,,5,3211,北川敏弘,60,佐賀,54.0,B1,4.89,20.62,4.91,28.57,22,27.38,68,36.75,2,1,4,,,,3,5,,,,,,6,5214,田中宏典,23,佐賀,60.0,B2,1.27,,1.0,,42,30.77,22,35.14,,,,,,,5,6,6,6,,,
202211012206,１Ｒ  サンライズＶ          Ｈ１８００ｍ  電話投票締切予定０８：３４,第4日,2022-11-01,ボートレース芦屋,6R,予選,1800,10:50,1,5055,眞鳥章太,26,長崎,53.0,B1,4.49,20.65,3.35,5.88,60,43.62,38,33.64,3,5,3,,,,3,5,,,,,,2,4824,松井洪弥,29,三重,52.0,A2,6.56,46.51,5.32,31.82,13,29.41,48,39.45,4,3,3,5,5,,1,1,,,,,,3,3439,大平誉史,53,大阪,52.0,A2,6.2,48.41,6.59,51.72,59,35.56,25,26.26,6,4,1,3,1,,2,,,,,,,4,3025,山口哲治,60,長崎,51.0,B1,3.91,17.39,3.79,12.5,32,29.89,45,31.13,6,,,,,,6,,,,,,25,5,3920,正木聖賢,47,広島,53.0,A1,6.84,58.54,5.75,25.0,29,27.71,59,41.03,1,4,5,1,3,,1,0,,,,,,6,5239,上野俊樹,22,福岡,50.0,B2,1.87,2.53,1.54,,37,27.66,14,35.29,,,,,,,6,6,,,,,
202211012207,１Ｒ  サンライズＶ          Ｈ１８００ｍ  電話投票締切予定０８：３４,第4日,2022-11-01,ボートレース芦屋,7R,予選 進入固定 Ｈ１８０,ｍ電,11:24,1,4151,下河誉史,40,福岡,56.0,B1,4.41,24.36,5.41,35.42,38,40.91,26,41.28,3,,,,,,2,2,5,2,,,12,2,4234,野相弘司,39,福岡,58.0,B1,4.27,24.68,3.78,11.11,36,7.25,57,32.65,2,5,4,3,5,,,,,,,,,3,3501,川上昇平,53,長崎,54.0,B1,4.82,28.33,4.26,23.81,4,42.86,18,41.07,4,1,4,,,,3,6,,,,,3,4,3974,深山祐二,46,佐賀,51.0,B1,4.17,30.23,3.81,14.06,49,36.99,11,33.01,5,4,6,,,,4,,,,,,2,5,4406,幸野史明,37,福岡,51.0,B1,4.37,22.88,4.79,25.53,58,27.71,34,26.0,3,,,,,,3,4,4,5,,,,6,5177,松井貫太,26,福岡,50.0,B2,1.92,1.04,1.44,2.44,5,36.56,61,28.85,1,,,,,,,,,,,,
202211012208,１Ｒ  サンライズＶ          Ｈ１８００ｍ  電話投票締切予定０８：３４,第4日,2022-11-01,ボートレース芦屋,8R,予選,1800,11:56,1,3224,栗山繁洋,57,佐賀,52.0,B1,4.85,30.17,5.39,34.15,50,36.67,35,19.79,3,3,5,,,,4,2,,,,,,2,4896,花本 剛,31,山口,58.0,B1,3.99,12.16,4.7,15.0,43,31.94,47,35.71,6,3,6,,,,5,,,,,,1,3,4355,小川広大,38,福岡,57.0,B1,4.14,18.58,4.19,21.43,26,31.82,36,26.67,5,,,,,,4,5,3,,,,2,4,3300,川崎智幸,55,岡山,53.0,A2,5.79,41.48,5.59,41.18,48,31.71,62,46.9,1,,,,,,3,5,1,2,,,12,5,3257,田頭 実,55,福岡,50.0,A1,6.78,51.72,7.62,67.68,20,27.71,17,32.08,4,2,2,2,1,,4,,,,,,,6,5219,森口和紀,22,福岡,52.0,B2,1.76,1.16,1.12,,25,25.64,54,28.43,5,4,6,,,,6,,,,,,3
202211012209,１Ｒ  サンライズＶ          Ｈ１８００ｍ  電話投票締切予定０８：３４,第4日,2022-11-01,ボートレース芦屋,9R,予選特賞,1800,12:32,1,3430,角浜 修,54,広島,56.0,A2,4.18,26.77,4.58,25.0,18,40.45,69,30.56,6,,,,,,3,5,1,2,,,3,2,4288,永田啓二,38,福岡,54.0,A1,6.59,47.56,6.38,47.83,55,39.19,23,40.17,2,1,1,4,2,,1,2,,,,,,3,5028,原田才一,26,福岡,52.0,B1,5.66,36.36,4.74,23.85,7,47.78,33,30.48,5,5,,,,,5,1,,,,,1,4,3616,中村 真,49,福岡,54.0,B2,5.03,34.82,6.14,47.06,17,36.14,21,31.68,2,,,,,,5,2,3,,,,5,5,5207,高山敬悟,25,福岡,52.0,B2,1.48,,1.61,,19,36.73,31,32.74,4,,,,,,,,,,,,,6,4043,桐本康臣,43,三重,55.0,A2,6.84,51.02,6.17,44.44,54,31.4,32,46.02,2,2,3,4,4,,,,,,,,
202211012210,１Ｒ  サンライズＶ          Ｈ１８００ｍ  電話投票締切予定０８：３４,第4日,2022-11-01,ボートレース芦屋,10R,予選特賞,1800,13:07,1,4471,新田泰章,35,広島,52.0,A2,6.41,45.45,5.44,35.42,51,31.03,64,38.26,3,,,,,,1,1,4,6,,,5,2,3920,正木聖賢,47,広島,53.0,A1,6.84,58.54,5.75,25.0,29,27.71,59,41.03,1,4,5,1,3,,6,,,,,,,3,4126,吉本玲緒,43,広島,59.0,B1,3.81,16.67,3.59,11.76,31,25.29,37,41.38,4,,,,,,5,4,6,,,,3,4,3574,大神康司,50,福岡,54.0,A2,6.11,47.58,6.24,47.83,21,21.52,60,31.07,1,2,5,6,3,,1,,,,,,,5,4495,森晋太郎,35,福岡,54.0,B1,5.67,40.91,4.44,27.38,11,27.38,66,31.68,4,3,1,,,,3,4,,,,,,6,5223,森清友翔,21,福岡,55.0,B2,1.62,1.03,1.27,,3,32.95,65,27.0,6,,,,,,4,4,6,,,,2
202211012211,１Ｒ  サンライズＶ          Ｈ１８００ｍ  電話投票締切予定０８：３４,第4日,2022-11-01,ボートレース芦屋,11R,予選特選,1800,13:45,1,4824,松井洪弥,29,三重,52.0,A2,6.56,46.51,5.32,31.82,13,29.41,48,39.45,4,3,3,5,5,,6,,,,,,,2,4270,岸本雄貴,40,三重,61.0,B1,3.56,12.68,,,40,42.39,67,28.43,3,,,,,,4,1,3,,,,1,3,3427,大賀広幸,55,山口,53.0,A1,5.94,39.84,6.0,43.33,41,46.91,29,34.58,4,3,1,3,2,,2,,,,,,,4,4136,江夏 満,42,福岡,54.0,A1,6.52,45.31,7.21,57.14,12,30.67,51,30.39,2,5,1,2,5,,5,,,,,,,5,3562,山下和彦,53,広島,51.0,A2,6.25,42.37,5.86,39.29,53,43.37,12,29.7,1,2,3,,,,4,5,,,,,3,6,3477,近藤稔也,52,徳島,56.0,B1,4.04,11.11,4.85,32.35,46,29.79,42,26.67,2,5,6,,,,2,4,,,,,4
202211012212,１Ｒ  サンライズＶ          Ｈ１８００ｍ  電話投票締切予定０８：３４,第4日,2022-11-01,ボートレース芦屋,12R,予選特選,1800,14:24,1,4288,永田啓二,38,福岡,54.0,A1,6.59,47.56,6.38,47.83,55,39.19,23,40.17,2,1,1,4,2,,9,,,,,,,2,4151,下河誉史,40,福岡,56.0,B1,4.41,24.36,5.41,35.42,38,40.91,26,41.28,3,,,,,,2,2,5,2,,,7,3,3300,川崎智幸,55,岡山,53.0,A2,5.79,41.48,5.59,41.18,48,31.71,62,46.9,1,,,,,,3,5,1,2,,,8,4,4732,堀本和也,33,徳島,54.0,A2,6.72,47.01,6.0,38.46,39,26.19,16,36.11,1,1,2,2,2,,,,,,,,,5,4066,東本勝利,42,三重,55.0,A1,6.49,50.0,6.71,50.0,2,12.66,13,27.27,6,6,5,2,1,,3,,,,,,,6,3986,沖島広和,44,福岡,57.0,A1,5.87,41.59,5.6,37.29,8,28.92,56,29.29,2,4,2,1,1,,4,,,,,,
202211012101,東龍軒カップ,第1日,2022-11-01,ボートレース若松,1R,予選,1800,15:22,1,4555,富永大一,33,福岡,53.0,B1,5.05,27.27,4.54,26.04,50,31.2,66,40.96,1,0,,,,,,,,,,,,2,4046,谷村啓司,42,福岡,53.0,B1,4.32,21.05,3.97,18.33,16,33.76,38,44.19,7,,,,,,,,,,,,,3,4697,國弘翔平,36,福岡,50.0,B1,4.65,28.57,4.64,31.25,46,33.74,23,25.58,9,,,,,,,,,,,,,4,3566,川添英正,52,福岡,52.0,B1,4.82,24.75,5.2,30.43,8,31.37,60,26.37,8,,,,,,,,,,,,,5,2903,山崎 毅,63,福岡,49.0,B1,4.67,27.27,4.78,22.0,37,35.71,43,39.76,5,,,,,,,,,,,,,6,5138,村本大成,22,福岡,53.0,B1,2.52,2.6,1.53,,1,42.86,57,39.33,6,,,,,,,,,,,,
202211012102,東龍軒カップ,第1日,2022-11-01,ボートレース若松,2R,予選,1800,15:49,1,3508,久富政弘,51,佐賀,54.0,B1,4.35,26.0,5.07,35.0,9,27.11,35,30.11,8,,,,,,,,,,,,,2,4359,横川聖志,38,徳島,54.0,A2,5.22,31.11,5.49,27.03,51,26.89,71,28.74,1,0,,,,,,,,,,,,3,4077,品田直樹,44,東京,52.0,B1,4.74,26.19,7.0,50.0,38,39.92,47,29.27,,,,,,,,,,,,,,4,4015,前野竜一,42,山口,58.0,A1,6.02,44.79,6.07,42.16,2,31.8,36,35.56,1,1,,,,,,,,,,,,5,3036,吉本正昭,64,山口,57.0,B1,4.48,20.69,4.21,17.46,55,38.24,64,37.08,,,,,,,,,,,,,,6,3859,多羅尾達,49,東京,52.0,B1,4.72,26.32,5.25,41.67,44,31.36,33,54.02,,,,,,,,,,,,,
202211012103,東龍軒カップ,第1日,2022-11-01,ボートレース若松,3R,予選,1800,16:16,1,4516,野口勝弘,35,愛知,50.0,A2,5.38,33.33,5.46,30.77,35,36.6,72,35.63,1,0,,,,,,,,,,,,2,4889,後藤盛也,34,東京,52.0,B1,4.82,34.62,,,23,33.05,24,24.39,9,,,,,,,,,,,,,3,5012,加倉侑征,25,福岡,52.0,B2,4.2,21.54,4.79,27.27,12,38.68,16,45.36,,,,,,,,,,,,,,4,3424,松浦 努,56,岡山,52.0,B2,2.86,,3.75,21.43,20,37.77,15,34.94,7,,,,,,,,,,,,,5,3553,平池仁志,50,香川,54.0,B1,4.34,18.81,4.25,19.44,25,33.33,28,34.09,1,1,,,,,,,,,,,,6,4430,永田秀二,37,東京,56.0,A1,5.99,44.63,4.44,33.33,31,34.71,46,22.47,8,,,,,,,,,,,,
202211012104,東龍軒カップ,第1日,2022-11-01,ボートレース若松,4R,予選,1800,16:42,1,3436,柏野幸二,53,岡山,50.0,A2,6.54,50.0,6.29,50.0,41,35.56,32,30.77,9,,,,,,,,,,,,,2,4010,越智照浩,43,香川,57.0,B1,4.13,16.18,4.83,23.4,49,37.08,63,28.09,8,,,,,,,,,,,,,3,3587,武田信一,49,徳島,59.0,B1,4.93,31.96,3.7,20.0,17,31.9,56,40.0,,,,,,,,,,,,,,4,3361,岡部 浩,53,徳島,51.0,B1,4.61,20.9,3.8,20.0,39,29.77,52,20.22,,,,,,,,,,,,,,5,4268,和合俊介,37,福岡,58.0,B1,3.68,13.24,3.59,9.8,24,41.74,40,33.73,1,0,,,,,,,,,,,,6,4483,北野輝季,33,愛知,54.0,A1,6.46,42.11,,,42,41.18,11,32.26,1,2,,,,,,,,,,,
202211012105,東龍軒カップ,第1日,2022-11-01,ボートレース若松,5R,進入固定戦隊 進入固定 Ｈ１８０,ｍ電,17:09,1,3654,武田光史,49,福井,53.0,A1,6.8,50.82,5.72,44.44,6,31.51,41,21.95,1,2,,,,,,,,,,,,2,4083,福島勇樹,43,東京,52.0,A2,6.28,46.84,,,7,48.24,69,46.25,1,0,,,,,,,,,,,,3,2903,山崎 毅,63,福岡,49.0,B1,4.67,27.27,4.78,22.0,37,35.71,43,39.76,1,,,,,,,,,,,,,4,4677,片橋幸貴,34,滋賀,53.0,A2,5.21,33.68,5.53,30.0,58,37.87,65,32.93,1,1,,,,,,,,,,,,5,5074,大澤誠也,26,愛知,55.0,B1,4.5,21.78,,,57,23.11,59,37.08,,,,,,,,,,,,,,6,5240,高橋龍治,22,福岡,58.0,B2,1.3,,1.92,,34,40.4,25,36.36,,,,,,,,,,,,,
202211012106,東龍軒カップ,第1日,2022-11-01,ボートレース若松,6R,予選,1800,17:38,1,3955,眞田英二,45,徳島,51.0,A2,6.36,45.1,7.04,42.31,36,32.23,48,33.7,,,,,,,,,,,,,,2,4153,佐々木巌,42,山口,56.0,B1,4.04,25.0,5.0,37.5,30,33.33,17,26.44,,,,,,,,,,,,,,3,5018,竹下大樹,23,福岡,54.0,A2,6.45,44.23,3.81,20.93,60,32.1,14,25.0,1,0,,,,,,,,,,,,4,5138,村本大成,22,福岡,53.0,B1,2.52,2.6,1.53,,1,42.86,57,39.33,1,,,,,,,,,,,,,5,3833,中辻博訓,48,福井,55.0,A1,7.52,62.73,6.85,52.94,5,33.77,58,23.81,1,2,,,,,,,,,,,,6,3385,渡邉睦広,53,東京,51.0,B1,5.67,40.0,5.64,36.36,4,39.67,45,33.71,1,1,,,,,,,,,,,
202211012107,東龍軒カップ,第1日,2022-11-01,ボートレース若松,7R,予選特賞,1800,18:06,1,4116,川田正人,41,徳島,52.0,A2,4.87,26.83,5.71,34.55,27,34.63,49,36.36,,,,,,,,,,,,,,2,3424,松浦 努,56,岡山,52.0,B2,2.86,,3.75,21.43,20,37.77,15,34.94,3,,,,,,,,,,,,,3,4295,小坂尚哉,36,兵庫,53.0,A1,7.12,50.0,6.14,42.86,43,34.58,12,18.75,1,2,,,,,,,,,,,,4,4815,伏島祐介,32,東京,52.0,B1,5.14,29.55,,,10,33.05,75,30.23,,,,,,,,,,,,,,5,4046,谷村啓司,42,福岡,53.0,B1,4.32,21.05,3.97,18.33,16,33.76,38,44.19,1,,,,,,,,,,,,,6,3484,芝田浩治,51,兵庫,53.0,A2,6.35,47.27,7.12,60.0,48,26.09,34,40.66,1,1,,,,,,,,,,,
202211012108,東龍軒カップ,第1日,2022-11-01,ボートレース若松,8R,エイトビート,1800,18:34,1,4072,森永 淳,41,佐賀,52.0,A1,6.4,48.94,6.5,50.0,22,38.91,50,28.09,1,2,,,,,,,,,,,,2,4430,永田秀二,37,東京,56.0,A1,5.99,44.63,4.44,33.33,31,34.71,46,22.47,3,,,,,,,,,,,,,3,3896,上田洋平,46,滋賀,51.0,A2,5.37,34.91,5.75,44.44,3,32.79,74,25.84,1,1,,,,,,,,,,,,4,3508,久富政弘,51,佐賀,54.0,B1,4.35,26.0,5.07,35.0,9,27.11,35,30.11,2,,,,,,,,,,,,,5,4010,越智照浩,43,香川,57.0,B1,4.13,16.18,4.83,23.4,49,37.08,63,28.09,4,,,,,,,,,,,,,6,3566,川添英正,52,福岡,52.0,B1,4.82,24.75,5.2,30.43,8,31.37,60,26.37,1,,,,,,,,,,,,
202211012110,東龍軒カップ,第1日,2022-11-01,ボートレース若松,10R,予選特賞,1800,19:34,1,4083,福島勇樹,43,東京,52.0,A2,6.28,46.84,,,7,48.24,69,46.25,5,,,,,,,,,,,,,2,4268,和合俊介,37,福岡,58.0,B1,3.68,13.24,3.59,9.8,24,41.74,40,33.73,4,,,,,,,,,,,,,3,4516,野口勝弘,35,愛知,50.0,A2,5.38,33.33,5.46,30.77,35,36.6,72,35.63,3,,,,,,,,,,,,,4,4555,富永大一,33,福岡,53.0,B1,5.05,27.27,4.54,26.04,50,31.2,66,40.96,1,,,,,,,,,,,,,5,4359,横川聖志,38,徳島,54.0,A2,5.22,31.11,5.49,27.03,51,26.89,71,28.74,2,,,,,,,,,,,,,6,5018,竹下大樹,23,福岡,54.0,A2,6.45,44.23,3.81,20.93,60,32.1,14,25.0,6,,,,,,,,,,,,
202211012111,東龍軒カップ,第1日,2022-11-01,ボートレース若松,11R,予選特選,1800,20:04,1,4015,前野竜一,42,山口,58.0,A1,6.02,44.79,6.07,42.16,2,31.8,36,35.56,2,,,,,,,,,,,,,2,3553,平池仁志,50,香川,54.0,B1,4.34,18.81,4.25,19.44,25,33.33,28,34.09,3,,,,,,,,,,,,,3,3484,芝田浩治,51,兵庫,53.0,A2,6.35,47.27,7.12,60.0,48,26.09,34,40.66,7,,,,,,,,,,,,,4,3385,渡邉睦広,53,東京,51.0,B1,5.67,40.0,5.64,36.36,4,39.67,45,33.71,6,,,,,,,,,,,,,5,3896,上田洋平,46,滋賀,51.0,A2,5.37,34.91,5.75,44.44,3,32.79,74,25.84,8,,,,,,,,,,,,,6,4677,片橋幸貴,34,滋賀,53.0,A2,5.21,33.68,5.53,30.0,58,37.87,65,32.93,5,,,,,,,,,,,,
202211011901,１Ｒ  モーニング予          Ｈ１８００ｍ  電話投票締切予定０８：４６,第1日,2022-11-01,ボートレース徳山,1R,モーニング予,1800,08:46,1,4521,小池公生,35,福岡,52.0,A2,6.63,49.51,,,12,33.0,75,,9,,,,,,,,,,,,,2,3539,金子順一,54,山口,53.0,B1,4.55,29.09,4.02,21.71,15,42.45,67,,7,,,,,,,,,,,,,3,3509,道上千夏,50,香川,50.0,B1,4.64,27.06,4.17,22.22,42,27.42,73,,,,,,,,,,,,,,,4,4778,堤 啓輔,36,佐賀,51.0,B1,5.25,31.31,4.97,27.27,61,26.23,64,,5,,,,,,,,,,,,,5,4708,半田尚也,33,広島,55.0,B1,4.41,15.49,3.25,14.29,59,19.81,22,22.22,1,0,,,,,,,,,,,,6,5036,福田翔吾,24,大阪,53.0,B1,4.22,23.08,3.4,12.0,22,34.59,59,,8,,,,,,,,,,,,
202211011902,１Ｒ  モーニング予          Ｈ１８００ｍ  電話投票締切予定０８：４６,第1日,2022-11-01,ボートレース徳山,2R,モーニング予,1800,09:11,1,4027,松江秀徳,44,佐賀,55.0,A2,5.84,41.24,6.0,34.78,47,35.25,65,,9,,,,,,,,,,,,,2,4523,中村辰也,34,長崎,53.0,A2,6.13,48.94,6.38,50.0,53,43.54,25,33.33,7,,,,,,,,,,,,,3,4563,齋藤真之,34,岡山,53.0,B1,3.94,15.58,3.81,12.77,23,30.08,61,,1,0,,,,,,,,,,,,4,4239,竹田辰也,38,山口,55.0,A1,6.09,44.16,7.03,53.85,13,27.03,49,,1,2,,,,,,,,,,,,5,4626,伊藤紘章,36,愛知,52.0,B1,5.81,40.32,,,58,29.85,53,50.0,8,,,,,,,,,,,,,6,5072,吉田杏美,27,埼玉,49.0,B1,2.42,4.17,1.11,,60,32.82,60,,,,,,,,,,,,,,
202211011903,１Ｒ  モーニング予          Ｈ１８００ｍ  電話投票締切予定０８：４６,第1日,2022-11-01,ボートレース徳山,3R,モーニング予,1800,09:36,1,3349,吉田一郎,54,長崎,51.0,A2,6.62,55.1,5.8,42.86,55,19.19,17,,1,2,,,,,,,,,,,,2,3725,向 達哉,51,大阪,54.0,B1,4.15,20.91,4.0,22.22,16,41.3,63,,7,,,,,,,,,,,,,3,4515,藤田浩人,36,佐賀,54.0,A2,5.79,38.79,6.33,51.16,66,32.37,44,33.33,1,0,,,,,,,,,,,,4,4853,前原 哉,27,岡山,47.0,B1,4.69,28.21,5.43,39.13,43,44.59,57,,9,,,,,,,,,,,,,5,4272,大場広孝,40,福岡,58.0,B1,5.23,29.32,4.57,17.86,44,32.41,74,,,,,,,,,,,,,,,6,4133,高橋正男,42,兵庫,52.0,A1,6.55,51.04,6.57,53.25,19,39.85,27,40.0,1,1,,,,,,,,,,,
202211011904,１Ｒ  モーニング予          Ｈ１８００ｍ  電話投票締切予定０８：４６,第1日,2022-11-01,ボートレース徳山,4R,モーニング予,1800,10:02,1,3022,西山昇一,62,愛知,52.0,A1,5.84,37.5,5.86,31.82,71,24.43,58,,1,2,,,,,,,,,,,,2,4302,西野翔太,39,広島,51.0,A1,5.97,45.35,5.88,35.0,51,46.26,12,,8,,,,,,,,,,,,,3,4251,川崎誠志,39,山口,52.0,B1,5.26,34.74,4.39,22.69,48,49.19,20,14.29,1,1,,,,,,,,,,,,4,3645,淺田千亜,50,徳島,46.0,B2,5.89,46.43,5.56,31.25,14,33.02,48,30.0,,,,,,,,,,,,,,5,4248,岡本 大,40,長崎,56.0,B1,4.91,27.96,4.15,16.36,21,24.04,42,12.5,9,,,,,,,,,,,,,6,4339,平瀬城啓,38,福井,54.0,B1,4.08,21.13,3.6,20.0,69,30.71,31,,,,,,,,,,,,,,
202211011905,１Ｒ  モーニング予          Ｈ１８００ｍ  電話投票締切予定０８：４６,第1日,2022-11-01,ボートレース徳山,5R,グランプリ特,1800,10:29,1,4798,浜先真範,29,広島,51.0,A1,6.08,42.74,6.53,50.0,68,19.44,51,,1,1,,,,,,,,,,,,2,4057,松井賢治,43,兵庫,53.0,A2,5.8,33.91,6.46,46.15,52,30.28,70,,1,0,,,,,,,,,,,,3,4714,喜多須杏,32,徳島,47.0,A2,5.09,34.88,5.07,31.71,63,33.83,50,50.0,,,,,,,,,,,,,,4,3711,江本真治,48,山口,53.0,A1,5.9,41.96,6.67,50.77,41,31.78,72,,9,,,,,,,,,,,,,5,4731,間野兼礼,33,愛知,53.0,A2,5.74,39.77,,,65,20.62,30,,,,,,,,,,,,,,,6,4778,堤 啓輔,36,佐賀,51.0,B1,5.25,31.31,4.97,27.27,61,26.23,64,,1,,,,,,,,,,,,
202211011906,１Ｒ  モーニング予          Ｈ１８００ｍ  電話投票締切予定０８：４６,第1日,2022-11-01,ボートレース徳山,6R,予選,1800,10:59,1,4487,三原 司,36,福岡,52.0,B1,4.12,18.6,5.38,28.57,18,34.4,62,,,,,,,,,,,,,,,2,3290,倉谷和信,59,大阪,54.0,A2,4.39,24.49,6.62,44.83,11,21.74,15,,,,,,,,,,,,,,,3,4450,平高奈菜,35,香川,47.0,A1,6.57,41.18,7.58,61.11,54,27.69,56,33.33,1,0,,,,,,,,,,,,4,4600,井内将太,37,広島,52.0,A1,6.42,46.22,5.73,35.56,46,40.97,66,,1,2,,,,,,,,,,,,5,4846,佐藤駿介,29,山口,51.0,B1,3.89,21.62,4.5,25.23,49,33.33,21,,,,,,,,,,,,,,,6,4215,吉島祥之,38,愛知,53.0,B1,5.65,40.68,,,17,29.47,52,20.0,,,,,,,,,,,,,
202211011907,１Ｒ  モーニング予          Ｈ１８００ｍ  電話投票締切予定０８：４６,第1日,2022-11-01,ボートレース徳山,7R,予選,1800,11:31,1,3539,金子順一,54,山口,53.0,B1,4.55,29.09,4.02,21.71,15,42.45,67,,1,,,,,,,,,,,,,2,3462,竹上真司,55,岡山,53.0,B1,4.75,22.81,5.53,40.0,70,32.43,29,22.22,,,,,,,,,,,,,,3,4523,中村辰也,34,長崎,53.0,A2,6.13,48.94,6.38,50.0,53,43.54,25,33.33,2,,,,,,,,,,,,,4,3725,向 達哉,51,大阪,54.0,B1,4.15,20.91,4.0,22.22,16,41.3,63,,3,,,,,,,,,,,,,5,4938,小芦るり,25,佐賀,50.0,A2,5.82,36.36,5.9,42.86,67,30.43,24,11.11,1,1,,,,,,,,,,,,6,3576,白水勝也,50,福岡,52.0,A1,6.65,46.56,7.17,61.9,45,39.58,55,22.22,1,2,,,,,,,,,,,
202211011908,１Ｒ  モーニング予          Ｈ１８００ｍ  電話投票締切予定０８：４６,第1日,2022-11-01,ボートレース徳山,8R,特賞,1800,12:04,1,4626,伊藤紘章,36,愛知,52.0,B1,5.81,40.32,,,58,29.85,53,50.0,2,,,,,,,,,,,,,2,4502,遠藤エミ,34,滋賀,44.0,A1,6.99,44.0,7.81,63.89,20,33.6,41,11.11,1,2,,,,,,,,,,,,3,5036,福田翔吾,24,大阪,53.0,B1,4.22,23.08,3.4,12.0,22,34.59,59,,1,,,,,,,,,,,,,4,4302,西野翔太,39,広島,51.0,A1,5.97,45.35,5.88,35.0,51,46.26,12,,4,,,,,,,,,,,,,5,4855,江頭賢太,26,長崎,56.0,B1,3.42,10.77,3.71,23.81,56,30.83,37,28.57,,,,,,,,,,,,,,6,4624,高田 明,37,佐賀,52.0,A2,4.97,33.8,6.5,53.33,72,25.56,69,,,,,,,,,,,,,,
202211011909,１Ｒ  モーニング予          Ｈ１８００ｍ  電話投票締切予定０８：４６,第1日,2022-11-01,ボートレース徳山,9R,予選,1800,12:38,1,4248,岡本 大,40,長崎,56.0,B1,4.91,27.96,4.15,16.36,21,24.04,42,12.5,4,,,,,,,,,,,,,2,4521,小池公生,35,福岡,52.0,A2,6.63,49.51,,,12,33.0,75,,1,,,,,,,,,,,,,3,5038,金田智博,24,福井,51.0,B1,5.05,37.04,3.33,22.22,62,28.79,71,,,,,,,,,,,,,,,4,4027,松江秀徳,44,佐賀,55.0,A2,5.84,41.24,6.0,34.78,47,35.25,65,,2,,,,,,,,,,,,,5,4853,前原 哉,27,岡山,47.0,B1,4.69,28.21,5.43,39.13,43,44.59,57,,3,,,,,,,,,,,,,6,3711,江本真治,48,山口,53.0,A1,5.9,41.96,6.67,50.77,41,31.78,72,,5,,,,,,,,,,,,
202211011910,１Ｒ  モーニング予          Ｈ１８００ｍ  電話投票締切予定０８：４６,第1日,2022-11-01,ボートレース徳山,10R,予選,1800,13:13,1,4081,樋口範政,43,愛知,57.0,B1,4.29,19.05,6.0,42.86,64,39.42,18,25.0,,,,,,,,,,,,,,2,4450,平高奈菜,35,香川,47.0,A1,6.57,41.18,7.58,61.11,54,27.69,56,33.33,6,,,,,,,,,,,,,3,4708,半田尚也,33,広島,55.0,B1,4.41,15.49,3.25,14.29,59,19.81,22,22.22,1,,,,,,,,,,,,,4,4515,藤田浩人,36,佐賀,54.0,A2,5.79,38.79,6.33,51.16,66,32.37,44,33.33,3,,,,,,,,,,,,,5,4563,齋藤真之,34,岡山,53.0,B1,3.94,15.58,3.81,12.77,23,30.08,61,,2,,,,,,,,,,,,,6,4057,松井賢治,43,兵庫,53.0,A2,5.8,33.91,6.46,46.15,52,30.28,70,,5,,,,,,,,,,,,
202211011911,１Ｒ  モーニング予          Ｈ１８００ｍ  電話投票締切予定０８：４６,第1日,2022-11-01,ボートレース徳山,11R,すなっち特賞,1800,13:50,1,4938,小芦るり,25,佐賀,50.0,A2,5.82,36.36,5.9,42.86,67,30.43,24,11.11,7,,,,,,,,,,,,,2,4251,川崎誠志,39,山口,52.0,B1,5.26,34.74,4.39,22.69,48,49.19,20,14.29,4,,,,,,,,,,,,,3,4133,高橋正男,42,兵庫,52.0,A1,6.55,51.04,6.57,53.25,19,39.85,27,40.0,3,,,,,,,,,,,,,4,4798,浜先真範,29,広島,51.0,A1,6.08,42.74,6.53,50.0,68,19.44,51,,5,,,,,,,,,,,,,5,4129,宇野博之,42,愛知,56.0,B1,4.46,26.61,1.29,,57,37.84,68,,,,,,,,,,,,,,,6,5114,小林孝彰,22,福井,53.0,B1,3.39,15.31,3.56,22.22,50,36.69,34,22.22,,,,,,,,,,,,,
202211011912,１Ｒ  モーニング予          Ｈ１８００ｍ  電話投票締切予定０８：４６,第1日,2022-11-01,ボートレース徳山,12R,ドリーム戦,1800,14:30,1,4502,遠藤エミ,34,滋賀,44.0,A1,6.99,44.0,7.81,63.89,20,33.6,41,11.11,8,,,,,,,,,,,,,2,3022,西山昇一,62,愛知,52.0,A1,5.84,37.5,5.86,31.82,71,24.43,58,,4,,,,,,,,,,,,,3,3349,吉田一郎,54,長崎,51.0,A2,6.62,55.1,5.8,42.86,55,19.19,17,,3,,,,,,,,,,,,,4,3576,白水勝也,50,福岡,52.0,A1,6.65,46.56,7.17,61.9,45,39.58,55,22.22,7,,,,,,,,,,,,,5,4239,竹田辰也,38,山口,55.0,A1,6.09,44.16,7.03,53.85,13,27.03,49,,2,,,,,,,,,,,,,6,4600,井内将太,37,広島,52.0,A1,6.42,46.22,5.73,35.56,46,40.97,66,,6,,,,,,,,,,,,
202211011701,オールレディース第３４回瀬戸の女王決定戦,第4日,2022-11-01,ボートレース児島,1R,予選,1800,10:43,1,3778,安達美帆,47,埼玉,47.0,B2,4.23,22.95,2.0,,11,33.5,40,32.52,1,,,,,,6,6,4,4,,,,2,3357,福島陽子,53,岡山,48.0,B1,4.61,20.0,4.25,20.9,38,38.19,26,25.83,2,,,,,,5,3,3,4,,,6,3,4283,石井裕美,38,東京,50.0,B1,4.54,22.83,4.28,16.67,23,43.03,22,37.57,2,3,5,3,6,,9,,,,,,,4,5182,宮崎安奈,24,埼玉,50.0,B2,2.33,5.06,,,27,39.51,18,28.95,5,,,,,,6,4,5,,,,5,5,5250,嶋田有里,20,長崎,50.0,B2,1.08,,,,28,30.0,61,33.12,4,,,,,,6,6,6,,,,10,6,4501,樋口由加,34,岡山,44.0,B2,5.66,42.17,6.76,52.38,16,31.12,75,27.12,1,4,5,3,2,,1,1,,,,,
202211011702,オールレディース第３４回瀬戸の女王決定戦,第4日,2022-11-01,ボートレース児島,2R,予選,1800,11:11,1,3289,高橋淳美,59,大阪,45.0,B1,4.26,20.88,3.78,16.67,29,29.56,53,38.13,3,4,3,,,,5,5,,,,,,2,4065,金田幸子,42,岡山,43.0,A2,6.58,52.0,6.22,44.76,59,39.13,74,39.43,5,2,2,6,1,,1,1,,,,,,3,5189,藤原早菜,22,岡山,51.0,B2,1.91,2.22,1.6,,70,44.28,28,32.03,4,5,4,,,,2,6,,,,,10,4,4014,片岡恵里,42,山口,49.0,B1,5.21,32.18,4.68,24.39,55,33.33,12,33.1,4,6,2,3,4,,7,,,,,,,5,3871,池田紫乃,46,長崎,44.0,A2,5.11,33.01,4.68,26.32,65,38.46,68,33.14,5,1,4,,,,5,3,,,,,9,6,5251,沼田七華,20,福井,52.0,B2,1.5,,,,32,39.22,21,37.5,6,,,,,,5,6,5,,,,8
202211011703,オールレディース第３４回瀬戸の女王決定戦,第4日,2022-11-01,ボートレース児島,3R,予選,1800,11:39,1,3470,新田芳美,52,徳島,46.0,B2,5.52,37.04,4.0,,15,29.0,52,35.59,5,4,2,,,,5,3,,,,,,2,3618,海野ゆか,48,広島,45.0,A1,6.63,48.59,6.25,43.75,24,36.36,60,17.7,1,2,4,4,5,,1,0,,,,,,3,4045,佐々木裕,43,山口,45.0,B1,4.8,33.67,5.14,36.36,51,43.39,63,35.71,3,2,2,5,2,,1,2,,,,,,4,3943,三松直美,43,岡山,66.0,B1,3.95,12.9,3.71,5.88,33,30.96,24,39.38,3,,,,,,2,3,4,,,,8,5,3188,日高逸子,61,福岡,45.0,A1,6.15,39.42,5.93,40.0,52,43.08,73,32.88,2,3,1,2,3,,7,,,,,,,6,4408,仁科さや,36,長崎,47.0,B1,5.21,30.67,2.56,11.11,62,43.59,45,34.87,4,3,1,,,,4,4,,,,,9
202211011704,オールレディース第３４回瀬戸の女王決定戦,第4日,2022-11-01,ボートレース児島,4R,予選,1800,12:08,1,4536,喜井つか,32,岡山,46.0,A2,6.39,44.04,6.1,45.83,18,31.68,41,41.01,3,,,,,,3,5,4,2,,,9,2,4183,宇野弥生,36,愛知,46.0,A2,5.96,44.68,5.86,38.1,61,33.16,25,27.83,1,3,1,1,1,,1,1,,,,,,3,3280,垣内清美,55,三重,50.0,B1,4.23,25.0,4.11,27.78,56,30.65,48,38.42,5,4,3,,,,3,5,,,,,10,4,4964,土屋 南,25,岡山,46.0,A1,5.39,32.53,6.43,46.55,39,31.68,36,26.55,4,5,4,2,1,,8,,,,,,,5,5056,西岡成美,26,徳島,44.0,B1,5.88,37.66,5.1,28.57,68,30.61,38,40.0,3,5,3,2,2,,1,2,,,,,,6,5233,村田佳奈,24,大阪,43.0,B2,1.62,,,,67,28.96,19,32.74,6,6,5,,,,6,5,,,,,
202211011705,オールレディース第３４回瀬戸の女王決定戦,第4日,2022-11-01,ボートレース児島,5R,予選,1800,12:36,1,4464,山下友貴,36,静岡,43.0,A1,5.51,34.51,,,48,32.84,59,31.4,1,4,4,2,3,,1,0,,,,,,2,4011,堀之内紀,43,岡山,45.0,A1,7.12,60.14,5.67,41.3,46,38.69,14,40.99,5,3,1,5,3,,9,,,,,,,3,4098,赤澤文香,40,岡山,48.0,B1,4.32,19.74,4.75,26.32,30,30.35,35,36.03,4,,,,,,4,6,1,2,,,11,4,4482,守屋美穂,33,岡山,45.0,A1,6.32,37.84,6.92,56.78,20,29.7,11,35.06,2,4,3,1,3,,1,2,,,,,,5,5057,上田紗奈,26,大阪,44.0,B1,5.77,42.99,4.0,27.27,47,28.0,64,33.77,6,5,5,,,,2,1,,,,,,6,5182,宮崎安奈,24,埼玉,50.0,B2,2.33,5.06,,,27,39.51,18,28.95,5,,,,,,6,4,5,,,,1
202211011706,オールレディース第３４回瀬戸の女王決定戦,第4日,2022-11-01,ボートレース児島,6R,予選,1800,13:08,1,3611,岩崎芳美,50,徳島,49.0,A2,6.83,51.82,4.39,27.78,13,39.71,32,42.77,2,6,1,1,1,,1,1,,,,,,2,4385,鈴木祐美,37,三重,49.0,B1,4.74,26.39,,,40,39.79,44,38.55,6,,,,,,4,6,2,3,,,,3,4726,島田なぎ,35,埼玉,44.0,A2,4.63,27.78,5.82,27.27,22,35.05,67,22.22,2,,,,,,2,1,4,4,,,12,4,3357,福島陽子,53,岡山,48.0,B1,4.61,20.0,4.25,20.9,38,38.19,26,25.83,2,,,,,,5,3,3,4,,,1,5,3900,香川素子,45,滋賀,47.0,A2,6.56,50.34,7.0,55.0,66,35.5,43,40.11,2,1,2,3,3,,1,0,,,,,,6,3993,永井聖美,43,東京,49.0,B1,6.01,42.68,3.94,18.75,63,31.37,57,26.27,1,5,,,,,5,,,,,,
202211011707,オールレディース第３４回瀬戸の女王決定戦,第4日,2022-11-01,ボートレース児島,7R,予選,1800,13:40,1,4924,中北 涼,30,長崎,47.0,B1,4.54,22.11,4.61,27.27,60,37.38,20,32.26,5,6,1,,,,4,,,,,,,2,3435,寺田千恵,53,岡山,45.0,A1,7.08,54.69,6.7,50.38,19,38.62,42,28.33,1,1,3,2,2,,1,2,,,,,,3,4014,片岡恵里,42,山口,49.0,B1,5.21,32.18,4.68,24.39,55,33.33,12,33.1,4,6,2,3,4,,2,,,,,,,4,3188,日高逸子,61,福岡,45.0,A1,6.15,39.42,5.93,40.0,52,43.08,73,32.88,2,3,1,2,3,,3,,,,,,,5,4240,今井裕梨,38,群馬,45.0,A2,6.28,45.76,5.84,35.48,31,33.16,51,23.08,1,2,4,1,2,,1,1,,,,,,6,5113,黒明花夢,22,岡山,47.0,B1,2.4,5.19,1.56,,43,25.25,39,28.33,3,,,,,,6,6,,,,,
202211011708,オールレディース第３４回瀬戸の女王決定戦,第4日,2022-11-01,ボートレース児島,8R,予選,1800,14:10,1,4546,浜田亜理,34,埼玉,48.0,A2,6.58,50.81,6.25,45.0,58,53.61,72,32.56,1,2,1,4,1,,1,2,,,,,,2,5140,吉田彩乃,22,静岡,51.0,B1,3.11,15.73,,,45,25.67,23,33.59,6,,,,,,5,6,6,6,,,,3,4964,土屋 南,25,岡山,46.0,A1,5.39,32.53,6.43,46.55,39,31.68,36,26.55,4,5,4,2,1,,4,,,,,,,4,5108,柴田愛梨,23,群馬,46.0,B1,3.06,8.33,1.78,,44,33.33,15,38.73,3,5,4,,,,5,4,,,,,,5,5251,沼田七華,20,福井,52.0,B2,1.5,,,,32,39.22,21,37.5,6,,,,,,5,6,5,,,,2,6,3943,三松直美,43,岡山,66.0,B1,3.95,12.9,3.71,5.88,33,30.96,24,39.38,3,,,,,,2,3,4,,,,3
202211011709,オールレディース第３４回瀬戸の女王決定戦,第4日,2022-11-01,ボートレース児島,9R,これしか９じ,1800,14:40,1,4011,堀之内紀,43,岡山,45.0,A1,7.12,60.14,5.67,41.3,46,38.69,14,40.99,5,3,1,5,3,,5,,,,,,,2,3871,池田紫乃,46,長崎,44.0,A2,5.11,33.01,4.68,26.32,65,38.46,68,33.14,5,1,4,,,,5,3,,,,,2,3,4408,仁科さや,36,長崎,47.0,B1,5.21,30.67,2.56,11.11,62,43.59,45,34.87,4,3,1,,,,4,4,,,,,3,4,4536,喜井つか,32,岡山,46.0,A2,6.39,44.04,6.1,45.83,18,31.68,41,41.01,3,,,,,,3,5,4,2,,,4,5,4283,石井裕美,38,東京,50.0,B1,4.54,22.83,4.28,16.67,23,43.03,22,37.57,2,3,5,3,6,,1,,,,,,,6,5248,本田 愛,20,静岡,48.0,B2,1.48,,,,49,48.45,37,37.5,6,6,5,,,,6,6,,,,,
202211011710,オールレディース第３４回瀬戸の女王決定戦,第4日,2022-11-01,ボートレース児島,10R,予選特賞,1800,15:12,1,3618,海野ゆか,48,広島,45.0,A1,6.63,48.59,6.25,43.75,24,36.36,60,17.7,1,2,4,4,5,,3,,,,,,,2,3280,垣内清美,55,三重,50.0,B1,4.23,25.0,4.11,27.78,56,30.65,48,38.42,5,4,3,,,,3,5,,,,,4,3,3900,香川素子,45,滋賀,47.0,A2,6.56,50.34,7.0,55.0,66,35.5,43,40.11,2,1,2,3,3,,6,,,,,,,4,5189,藤原早菜,22,岡山,51.0,B2,1.91,2.22,1.6,,70,44.28,28,32.03,4,5,4,,,,2,6,,,,,2,5,4464,山下友貴,36,静岡,43.0,A1,5.51,34.51,,,48,32.84,59,31.4,1,4,4,2,3,,5,,,,,,,6,5250,嶋田有里,20,長崎,50.0,B2,1.08,,,,28,30.0,61,33.12,4,,,,,,6,6,6,,,,1
202211011711,オールレディース第３４回瀬戸の女王決定戦,第4日,2022-11-01,ボートレース児島,11R,予選特選,1800,15:47,1,4065,金田幸子,42,岡山,43.0,A2,6.58,52.0,6.22,44.76,59,39.13,74,39.43,5,2,2,6,1,,2,,,,,,,2,3611,岩崎芳美,50,徳島,49.0,A2,6.83,51.82,4.39,27.78,13,39.71,32,42.77,2,6,1,1,1,,6,,,,,,,3,4240,今井裕梨,38,群馬,45.0,A2,6.28,45.76,5.84,35.48,31,33.16,51,23.08,1,2,4,1,2,,7,,,,,,,4,4098,赤澤文香,40,岡山,48.0,B1,4.32,19.74,4.75,26.32,30,30.35,35,36.03,4,,,,,,4,6,1,2,,,5,5,4501,樋口由加,34,岡山,44.0,B2,5.66,42.17,6.76,52.38,16,31.12,75,27.12,1,4,5,3,2,,1,,,,,,,6,4183,宇野弥生,36,愛知,46.0,A2,5.96,44.68,5.86,38.1,61,33.16,25,27.83,1,3,1,1,1,,4,,,,,,
202211011712,オールレディース第３４回瀬戸の女王決定戦,第4日,2022-11-01,ボートレース児島,12R,記者選抜戦,1800,16:32,1,3435,寺田千恵,53,岡山,45.0,A1,7.08,54.69,6.7,50.38,19,38.62,42,28.33,1,1,3,2,2,,7,,,,,,,2,4482,守屋美穂,33,岡山,45.0,A1,6.32,37.84,6.92,56.78,20,29.7,11,35.06,2,4,3,1,3,,5,,,,,,,3,4546,浜田亜理,34,埼玉,48.0,A2,6.58,50.81,6.25,45.0,58,53.61,72,32.56,1,2,1,4,1,,8,,,,,,,4,5056,西岡成美,26,徳島,44.0,B1,5.88,37.66,5.1,28.57,68,30.61,38,40.0,3,5,3,2,2,,4,,,,,,,5,4045,佐々木裕,43,山口,45.0,B1,4.8,33.67,5.14,36.36,51,43.39,63,35.71,3,2,2,5,2,,3,,,,,,,6,4726,島田なぎ,35,埼玉,44.0,A2,4.63,27.78,5.82,27.27,22,35.05,67,22.22,2,,,,,,2,1,4,4,,,6
202211011601,１Ｒ  予選          Ｈ１８００ｍ  電話投票締切予定１５：２７,第2日,2022-11-01,ボートレース丸亀,1R,予選,1800,15:27,1,5037,田頭虎親,24,香川,52.0,B1,5.26,30.95,4.39,23.28,18,34.29,57,29.82,6,2,,,,,,,,,,,,2,4449,中嶋達也,35,兵庫,56.0,B1,4.06,21.28,4.39,27.27,34,40.38,43,36.21,5,,,,,,5,,,,,,,3,3825,宮嵜隆太,49,福岡,61.0,B1,3.96,20.19,3.6,20.0,22,28.45,62,34.55,6,,,,,,6,,,,,,,4,3614,谷 勝幸,49,広島,54.0,B1,4.4,24.24,3.72,13.79,58,28.71,9,34.55,4,,,,,,9,,,,,,,5,3593,横井光弘,54,長崎,56.0,B1,3.93,10.67,3.66,11.32,55,29.56,5,34.92,5,,,,,,8,,,,,,,6,4840,鈴木秀茉,31,静岡,51.0,B1,3.64,11.46,2.89,22.22,4,35.65,1,25.0,2,,,,,,1,0,,,,,
202211011602,１Ｒ  予選          Ｈ１８００ｍ  電話投票締切予定１５：２７,第2日,2022-11-01,ボートレース丸亀,2R,予選,1800,15:55,1,3202,三品隆浩,57,東京,56.0,B1,4.4,20.93,,,45,28.5,50,27.27,3,6,,,,,,,,,,,,2,4574,東 潤樹,34,広島,53.0,B1,5.14,33.09,4.59,23.53,7,32.16,37,31.03,4,,,,,,7,,,,,,,3,4196,田中太一,40,佐賀,52.0,B1,4.93,31.43,5.06,32.35,52,32.57,60,25.93,2,6,,,,,,,,,,,,4,3561,池田真治,54,岡山,52.0,B1,4.22,20.37,3.92,,1,23.03,17,38.98,1,,,,,,8,,,,,,,5,3265,今村暢孝,57,福岡,51.0,A2,6.86,56.52,6.8,52.27,32,26.98,25,38.18,4,,,,,,9,,,,,,,6,3814,金子貴志,46,福井,50.0,A2,5.16,30.6,4.23,23.08,13,30.37,14,40.35,2,5,,,,,1,1,,,,,
202211011603,１Ｒ  予選          Ｈ１８００ｍ  電話投票締切予定１５：２７,第2日,2022-11-01,ボートレース丸亀,3R,予選,1800,16:22,1,3600,玄馬 徹,52,岡山,52.0,B1,4.1,20.95,3.92,20.51,41,25.38,20,33.87,4,,,,,,7,,,,,,,2,3467,森 弘行,54,東京,53.0,B1,4.45,25.76,6.0,40.0,48,35.14,8,38.71,4,3,,,,,,,,,,,,3,4257,古川 健,38,広島,52.0,B1,5.39,40.71,6.0,46.34,51,32.68,31,38.78,2,,,,,,1,0,,,,,,4,4587,木田峰由,31,福井,53.0,A2,5.52,39.44,5.0,33.33,15,31.6,12,40.74,5,2,,,,,1,2,,,,,,5,5244,黒田 剛,22,福岡,52.0,B2,1.43,,1.17,,12,29.2,22,17.65,6,,,,,,8,,,,,,,6,4079,出畑孝典,43,福岡,53.0,A1,6.24,45.54,6.04,44.0,53,36.89,40,33.33,6,,,,,,1,1,,,,,
202211011604,１Ｒ  予選          Ｈ１８００ｍ  電話投票締切予定１５：２７,第2日,2022-11-01,ボートレース丸亀,4R,予選,1800,16:49,1,4332,村上彰一,39,福岡,57.0,B1,3.93,18.31,4.03,22.86,14,38.66,55,38.33,5,6,,,,,,,,,,,,2,5124,上瀧絢也,26,佐賀,52.0,B2,2.12,3.51,1.0,,44,35.81,4,30.61,1,,,,,,9,,,,,,,3,4089,妹尾忠幸,42,岡山,54.0,A1,6.48,49.67,6.14,38.1,36,28.71,52,35.85,1,6,,,,,1,0,,,,,,4,4173,岡谷健吾,40,広島,58.0,A2,4.93,26.67,6.69,46.88,40,30.37,21,38.33,4,5,,,,,8,,,,,,,5,3956,横澤剛治,45,静岡,56.0,A2,6.17,41.38,5.38,33.33,20,35.62,15,40.63,3,1,,,,,1,2,,,,,,6,3805,高橋英之,48,東京,53.0,B1,5.44,36.36,5.58,37.5,24,28.09,38,41.38,1,,,,,,1,1,,,,,
202211011605,１Ｒ  予選          Ｈ１８００ｍ  電話投票締切予定１５：２７,第2日,2022-11-01,ボートレース丸亀,5R,予選,1800,17:16,1,4603,谷川将太,34,長崎,53.0,B1,4.97,30.28,,,8,29.3,63,32.0,6,5,,,,,,,,,,,,2,3800,牧 宏次,48,東京,53.0,B1,6.0,44.09,5.4,45.0,63,33.8,23,34.04,2,1,,,,,,,,,,,,3,4351,里岡右貴,36,福岡,53.0,A1,6.61,51.26,6.79,48.48,60,36.04,59,40.32,3,5,,,,,9,,,,,,,4,4449,中嶋達也,35,兵庫,56.0,B1,4.06,21.28,4.39,27.27,34,40.38,43,36.21,5,,,,,,1,,,,,,,5,3458,東 健介,56,岡山,54.0,A2,4.3,19.72,5.57,34.94,37,36.45,48,39.34,1,5,,,,,1,2,,,,,,6,4000,松本博昭,45,広島,54.0,A2,5.5,30.77,5.42,31.25,3,26.04,26,30.91,2,,,,,,1,1,,,,,
202211011606,１Ｒ  予選          Ｈ１８００ｍ  電話投票締切予定１５：２７,第2日,2022-11-01,ボートレース丸亀,6R,カチ勝ち６,1800,17:45,1,3907,村越 篤,44,香川,54.0,A2,5.97,45.89,5.93,37.68,25,42.13,2,28.3,3,2,,,,,1,2,,,,,,2,3615,横田 茂,49,広島,51.0,B1,5.12,32.12,4.55,28.3,49,33.79,64,26.53,4,4,,,,,,,,,,,,3,4537,渡邉和将,32,岡山,53.0,A1,6.69,52.94,6.78,48.89,11,28.19,41,40.35,1,4,,,,,1,1,,,,,,4,4003,表 憲一,44,福井,55.0,A2,5.73,34.72,5.02,18.75,17,27.05,32,22.0,2,3,,,,,1,0,,,,,,5,3825,宮嵜隆太,49,福岡,61.0,B1,3.96,20.19,3.6,20.0,22,28.45,62,34.55,6,,,,,,1,,,,,,,6,5247,大森 翼,20,兵庫,51.0,B2,1.6,,,,65,32.29,61,33.33,6,5,,,,,,,,,,,
202211011607,１Ｒ  予選          Ｈ１８００ｍ  電話投票締切予定１５：２７,第2日,2022-11-01,ボートレース丸亀,7R,穴ガチ７,1800,18:13,1,3523,寳田亮治,53,福岡,52.0,B1,5.57,38.71,4.96,27.78,27,37.21,49,41.07,5,3,,,,,,,,,,,,2,3777,樋口 亮,47,長崎,53.0,A2,5.57,34.0,5.18,25.64,23,27.05,54,26.42,1,4,,,,,1,1,,,,,,3,3600,玄馬 徹,52,岡山,52.0,B1,4.1,20.95,3.92,20.51,41,25.38,20,33.87,4,,,,,,3,,,,,,,4,4574,東 潤樹,34,広島,53.0,B1,5.14,33.09,4.59,23.53,7,32.16,37,31.03,4,,,,,,2,,,,,,,5,4256,渡辺浩司,38,福岡,53.0,A1,6.82,51.54,6.53,49.09,9,35.38,3,33.93,3,2,,,,,1,2,,,,,,6,4076,杉田篤光,44,静岡,52.0,A2,5.73,36.51,7.11,55.56,62,33.04,28,25.45,6,1,,,,,,,,,,,
202211011608,１Ｒ  予選          Ｈ１８００ｍ  電話投票締切予定１５：２７,第2日,2022-11-01,ボートレース丸亀,8R,ガチ勝゛ち８ 進入固定 Ｈ１８０,ｍ電,18:41,1,3681,山谷 央,49,東京,51.0,A1,5.71,37.14,6.73,45.45,2,38.12,13,24.53,2,,,,,,1,2,,,,,,2,4173,岡谷健吾,40,広島,58.0,A2,4.93,26.67,6.69,46.88,40,30.37,21,38.33,4,5,,,,,4,,,,,,,3,3593,横井光弘,54,長崎,56.0,B1,3.93,10.67,3.66,11.32,55,29.56,5,34.92,5,,,,,,1,,,,,,,4,4640,山ノ内雅,31,福岡,53.0,A2,5.52,39.05,6.09,45.65,54,26.92,39,22.0,3,3,,,,,,,,,,,,5,3561,池田真治,54,岡山,52.0,B1,4.22,20.37,3.92,,1,23.03,17,38.98,1,,,,,,2,,,,,,,6,5244,黒田 剛,22,福岡,52.0,B2,1.43,,1.17,,12,29.2,22,17.65,6,,,,,,3,,,,,,
202211011609,１Ｒ  予選          Ｈ１８００ｍ  電話投票締切予定１５：２７,第2日,2022-11-01,ボートレース丸亀,9R,ウチまる特賞,1800,19:11,1,3265,今村暢孝,57,福岡,51.0,A2,6.86,56.52,6.8,52.27,32,26.98,25,38.18,4,,,,,,2,,,,,,,2,4351,里岡右貴,36,福岡,53.0,A1,6.61,51.26,6.79,48.48,60,36.04,59,40.32,3,5,,,,,5,,,,,,,3,3792,田中 豪,50,東京,53.0,A1,6.44,48.6,6.92,58.33,31,35.27,11,39.68,4,3,,,,,,,,,,,,4,3815,森岡満郎,46,岡山,54.0,B1,4.83,27.0,5.0,28.26,43,32.39,33,21.28,5,4,,,,,,,,,,,,5,5124,上瀧絢也,26,佐賀,52.0,B2,2.12,3.51,1.0,,44,35.81,4,30.61,1,,,,,,4,,,,,,,6,3614,谷 勝幸,49,広島,54.0,B1,4.4,24.24,3.72,13.79,58,28.71,9,34.55,4,,,,,,1,,,,,,
202211011610,１Ｒ  予選          Ｈ１８００ｍ  電話投票締切予定１５：２７,第2日,2022-11-01,ボートレース丸亀,10R,まるがめ特賞,1800,19:41,1,4003,表 憲一,44,福井,55.0,A2,5.73,34.72,5.02,18.75,17,27.05,32,22.0,2,3,,,,,6,,,,,,,2,4102,益田啓司,43,福岡,52.0,A1,6.44,51.28,6.85,47.06,38,35.81,51,43.33,3,6,,,,,,,,,,,,3,4840,鈴木秀茉,31,静岡,51.0,B1,3.64,11.46,2.89,22.22,4,35.65,1,25.0,2,,,,,,1,,,,,,,4,4089,妹尾忠幸,42,岡山,54.0,A1,6.48,49.67,6.14,38.1,36,28.71,52,35.85,1,6,,,,,4,,,,,,,5,4257,古川 健,38,広島,52.0,B1,5.39,40.71,6.0,46.34,51,32.68,31,38.78,2,,,,,,3,,,,,,,6,4320,峰 竜太,37,佐賀,50.0,B1,8.22,75.82,9.48,82.61,57,34.56,66,30.0,1,1,,,,,,,,,,,
202211011611,１Ｒ  予選          Ｈ１８００ｍ  電話投票締切予定１５：２７,第2日,2022-11-01,ボートレース丸亀,11R,予選選抜,1800,20:11,1,4537,渡邉和将,32,岡山,53.0,A1,6.69,52.94,6.78,48.89,11,28.19,41,40.35,1,4,,,,,6,,,,,,,2,4000,松本博昭,45,広島,54.0,A2,5.5,30.77,5.42,31.25,3,26.04,26,30.91,2,,,,,,5,,,,,,,3,3814,金子貴志,46,福井,50.0,A2,5.16,30.6,4.23,23.08,13,30.37,14,40.35,2,5,,,,,2,,,,,,,4,3805,高橋英之,48,東京,53.0,B1,5.44,36.36,5.58,37.5,24,28.09,38,41.38,1,,,,,,4,,,,,,,5,4079,出畑孝典,43,福岡,53.0,A1,6.24,45.54,6.04,44.0,53,36.89,40,33.33,6,,,,,,3,,,,,,,6,3777,樋口 亮,47,長崎,53.0,A2,5.57,34.0,5.18,25.64,23,27.05,54,26.42,1,4,,,,,7,,,,,,
202211011612,１Ｒ  予選          Ｈ１８００ｍ  電話投票締切予定１５：２７,第2日,2022-11-01,ボートレース丸亀,12R,予選選抜,1800,20:39,1,4256,渡辺浩司,38,福岡,53.0,A1,6.82,51.54,6.53,49.09,9,35.38,3,33.93,3,2,,,,,7,,,,,,,2,3907,村越 篤,44,香川,54.0,A2,5.97,45.89,5.93,37.68,25,42.13,2,28.3,3,2,,,,,6,,,,,,,3,3956,横澤剛治,45,静岡,56.0,A2,6.17,41.38,5.38,33.33,20,35.62,15,40.63,3,1,,,,,4,,,,,,,4,3681,山谷 央,49,東京,51.0,A1,5.71,37.14,6.73,45.45,2,38.12,13,24.53,2,,,,,,8,,,,,,,5,4587,木田峰由,31,福井,53.0,A2,5.52,39.44,5.0,33.33,15,31.6,12,40.74,5,2,,,,,3,,,,,,,6,3458,東 健介,56,岡山,54.0,A2,4.3,19.72,5.57,34.94,37,36.45,48,39.34,1,5,,,,,5,,,,,,
202211011401,１Ｒ  朝からセンプ          Ｈ１８００ｍ  電話投票締切予定１０：３５,第5日,2022-11-01,ボートレース尼崎,1R,朝からセンプ,1800,10:35,1,4404,岸蔭 亮,37,兵庫,54.0,B1,4.35,28.87,4.88,33.96,13,46.09,63,35.83,6,,,,,,6,5,4,,,,26,2,4004,山本浩輔,44,長崎,53.0,B1,4.89,30.69,5.48,28.57,49,40.94,26,31.78,1,4,5,,,,1,4,5,,,,7,3,4737,竹井貴史,31,福岡,52.0,B1,6.84,55.29,6.22,44.44,6,22.83,16,29.31,1,3,4,5,3,,2,4,,,,,10,4,4500,山田康二,34,佐賀,52.0,A1,7.33,55.34,,,61,33.86,31,31.09,1,5,6,1,1,,1,1,,,,,,5,4930,佐藤 悠,27,福井,53.0,B1,5.27,32.32,5.03,34.48,21,34.38,41,45.08,2,6,,,,,6,2,6,,,,,6,4458,抹香雄三,36,広島,52.0,B1,4.73,25.41,4.33,33.33,14,40.0,18,31.58,3,3,3,,,,4,4,4,,,,6
202211011402,１Ｒ  朝からセンプ          Ｈ１８００ｍ  電話投票締切予定１０：３５,第5日,2022-11-01,ボートレース尼崎,2R,一般,1800,11:04,1,4263,武重雄介,38,山口,56.0,A1,5.75,42.16,6.94,47.06,27,24.8,24,26.96,6,4,2,6,3,,3,4,,,,,8,2,4835,橋本 明,34,広島,53.0,B1,5.18,26.77,5.41,37.04,32,43.22,66,34.35,4,,,,,,6,3,3,,,,26,3,5160,藤森陸斗,23,福岡,54.0,B1,3.89,17.02,,,57,33.88,58,33.33,5,,,,,,5,5,6,,,,65,4,4121,富永修一,40,福岡,53.0,B1,6.12,45.87,5.89,44.44,36,39.68,65,53.15,2,4,1,,,,3,3,1,3,,,12,5,3978,齊藤 仁,45,東京,52.0,A1,6.64,47.96,7.0,53.85,50,35.54,29,36.22,1,2,2,4,2,,1,0,,,,,,6,3656,伯母芳恒,49,東京,57.0,B1,5.64,37.14,6.11,47.37,45,42.06,42,32.33,5,2,6,,,,3,6,2,,,,9
202211011403,１Ｒ  朝からセンプ          Ｈ１８００ｍ  電話投票締切予定１０：３５,第5日,2022-11-01,ボートレース尼崎,3R,一般,1800,11:33,1,4718,北川太一,29,佐賀,50.0,A2,5.65,36.89,6.06,41.94,46,22.03,28,35.19,3,3,2,2,2,,2,4,,,,,11,2,3892,草場康幸,46,佐賀,52.0,B1,4.6,25.61,4.0,17.65,30,33.33,56,37.19,4,6,3,,,,1,4,5,,,,9,3,3708,岡部貴司,48,岡山,56.0,A2,5.35,31.09,4.36,36.36,41,42.28,67,33.91,4,,,,,,2,2,1,5,5,3,10,4,4375,照屋厚仁,38,兵庫,53.0,B1,5.28,33.01,5.58,33.57,28,36.29,62,41.6,1,3,5,,,,5,3,3,,,,8,5,4174,赤坂俊輔,40,長崎,51.0,A1,6.84,56.03,6.7,60.0,23,24.35,59,42.15,1,4,2,2,1,,1,2,,,,,,6,3627,井上恵一,53,福岡,54.0,B1,5.02,32.5,5.37,31.71,47,27.2,68,41.32,5,,,,,,3,1,6,,,,66
202211011404,１Ｒ  朝からセンプ          Ｈ１８００ｍ  電話投票締切予定１０：３５,第5日,2022-11-01,ボートレース尼崎,4R,一般,1800,12:00,1,4207,松下一也,39,静岡,55.0,A1,6.37,48.85,6.7,51.06,39,47.62,30,32.31,4,6,4,1,2,,1,1,,,,,,2,4463,三苫晃幸,36,福岡,55.0,A1,6.1,42.15,,,43,16.96,17,37.72,5,6,3,3,4,,6,5,,,,,9,3,4728,山口 亮,34,東京,53.0,B1,5.07,33.93,4.86,28.57,11,26.4,15,37.07,2,1,6,,,,5,2,1,,,,12,4,3893,汐崎正則,46,愛知,53.0,A2,6.01,41.09,5.1,20.0,54,42.74,43,36.59,2,1,5,3,2,,1,6,,,,,10,5,4462,夏山亮平,36,大阪,58.0,B1,5.03,29.09,,,40,22.22,11,33.87,6,,,,,,1,4,5,,,,54,6,3906,飯山晃三,44,長崎,57.0,B1,5.31,38.6,4.0,20.0,20,26.32,55,32.77,5,1,6,,,,5,2,4,,,,8
202211011405,１Ｒ  朝からセンプ          Ｈ１８００ｍ  電話投票締切予定１０：３５,第5日,2022-11-01,ボートレース尼崎,5R,一般,1800,12:29,1,4706,三浦洋次,34,愛知,48.0,A1,5.74,38.82,7.17,50.0,9,31.5,19,45.45,3,,,,,,2,4,2,1,4,3,10,2,4336,松田竜馬,38,福岡,55.0,A2,5.81,44.78,6.88,50.0,17,34.92,14,34.19,2,,,,,,4,2,2,4,4,5,12,3,3350,藤本佳史,54,山口,53.0,A2,5.83,45.1,5.63,40.0,10,22.95,44,35.38,4,5,3,,,,4,6,6,,,,,4,4271,川崎公靖,40,広島,52.0,B1,4.67,26.4,5.09,26.09,53,45.24,22,37.29,3,3,4,,,,1,2,4,,,,11,5,4951,新田洋一,29,広島,55.0,B1,4.54,21.77,5.55,30.0,12,14.91,71,29.46,3,,,,,,6,5,3,,,,16,6,3662,大庭元明,52,福岡,57.0,A1,5.18,35.88,7.42,62.5,31,34.4,51,30.95,5,2,1,,,,6,5,3,2,,,9
202211011406,１Ｒ  朝からセンプ          Ｈ１８００ｍ  電話投票締切予定１０：３５,第5日,2022-11-01,ボートレース尼崎,6R,昼どきピンク,1800,13:00,1,4184,渡邊雄一,36,大阪,51.0,A1,6.32,45.69,5.48,34.48,62,34.92,72,31.86,1,3,1,4,1,,1,0,,,,,,2,4458,抹香雄三,36,広島,52.0,B1,4.73,25.41,4.33,33.33,14,40.0,18,31.58,3,3,3,,,,4,4,4,,,,1,3,4919,吉田翔悟,31,長崎,51.0,B1,4.93,27.27,4.07,21.43,42,27.12,39,38.02,4,,,,,,1,5,6,5,3,,,4,3744,徳増秀樹,47,静岡,55.0,A1,7.08,51.26,7.2,53.33,58,33.6,69,31.75,2,1,1,1,5,,1,1,,,,,,5,4143,浦田晃嗣,41,佐賀,57.0,B1,4.72,24.72,4.13,26.67,26,41.46,70,37.6,6,5,4,,,,5,4,5,,,,,6,4835,橋本 明,34,広島,53.0,B1,5.18,26.77,5.41,37.04,32,43.22,66,34.35,4,,,,,,6,3,3,,,,26
202211011407,１Ｒ  朝からセンプ          Ｈ１８００ｍ  電話投票締切予定１０：３５,第5日,2022-11-01,ボートレース尼崎,7R,一般,1800,13:29,1,3841,佐々木和,46,徳島,53.0,A1,6.74,53.73,6.61,53.57,24,31.45,21,40.65,4,1,3,,,,3,3,3,2,,,11,2,3627,井上恵一,53,福岡,54.0,B1,5.02,32.5,5.37,31.71,47,27.2,68,41.32,5,,,,,,3,1,6,,,,66,3,3930,岸本 隆,46,岡山,57.0,A2,4.61,26.13,5.04,36.17,33,29.69,34,30.16,2,6,3,4,5,,3,1,,,,,,4,4794,和田拓也,32,兵庫,55.0,A2,6.1,43.24,5.62,37.59,63,22.95,50,31.5,5,,,,,,4,2,4,6,3,,,5,4195,前川守嗣,40,福岡,57.0,B1,5.62,36.61,5.89,33.33,38,39.37,12,31.15,2,,,,,,2,6,4,1,2,1,12,6,4004,山本浩輔,44,長崎,53.0,B1,4.89,30.69,5.48,28.57,49,40.94,26,31.78,1,4,5,,,,1,4,5,,,,1
202211011408,１Ｒ  朝からセンプ          Ｈ１８００ｍ  電話投票締切予定１０：３５,第5日,2022-11-01,ボートレース尼崎,8R,一般,1800,13:59,1,3333,丸尾義孝,54,徳島,52.0,A1,5.97,43.33,6.19,38.1,37,26.27,52,44.54,2,,,,,,3,5,2,2,4,2,12,2,3906,飯山晃三,44,長崎,57.0,B1,5.31,38.6,4.0,20.0,20,26.32,55,32.77,5,1,6,,,,5,2,4,,,,4,3,4375,照屋厚仁,38,兵庫,53.0,B1,5.28,33.01,5.58,33.57,28,36.29,62,41.6,1,3,5,,,,5,3,3,,,,3,4,3434,松尾宣邦,53,福岡,54.0,B1,4.0,19.75,5.0,32.14,8,25.47,61,42.62,6,,,,,,1,5,6,,,,54,5,3548,室田泰史,52,福井,53.0,A2,5.21,30.21,6.0,46.43,25,31.2,32,37.9,5,4,1,,,,3,6,4,3,,,,6,4263,武重雄介,38,山口,56.0,A1,5.75,42.16,6.94,47.06,27,24.8,24,26.96,6,4,2,6,3,,3,4,,,,,2
202211011409,１Ｒ  朝からセンプ          Ｈ１８００ｍ  電話投票締切予定１０：３５,第5日,2022-11-01,ボートレース尼崎,9R,一般,1800,14:32,1,3662,大庭元明,52,福岡,57.0,A1,5.18,35.88,7.42,62.5,31,34.4,51,30.95,5,2,1,,,,6,5,3,2,,,5,2,3656,伯母芳恒,49,東京,57.0,B1,5.64,37.14,6.11,47.37,45,42.06,42,32.33,5,2,6,,,,3,6,2,,,,2,3,4105,松下直也,43,兵庫,55.0,B1,5.34,33.59,5.62,38.64,52,28.35,45,33.61,3,5,4,,,,6,6,5,,,,,4,3687,花田和明,52,愛知,54.0,A2,4.96,30.69,4.59,18.92,5,39.34,20,33.07,6,,,,,,5,3,5,,,,15,5,4463,三苫晃幸,36,福岡,55.0,A1,6.1,42.15,,,43,16.96,17,37.72,5,6,3,3,4,,6,5,,,,,4,6,3892,草場康幸,46,佐賀,52.0,B1,4.6,25.61,4.0,17.65,30,33.33,56,37.19,4,6,3,,,,1,4,5,,,,3
202211011410,１Ｒ  朝からセンプ          Ｈ１８００ｍ  電話投票締切予定１０：３５,第5日,2022-11-01,ボートレース尼崎,10R,準優勝戦,1800,15:06,1,3978,齊藤 仁,45,東京,52.0,A1,6.64,47.96,7.0,53.85,50,35.54,29,36.22,1,2,2,4,2,,2,,,,,,,2,4184,渡邊雄一,36,大阪,51.0,A1,6.32,45.69,5.48,34.48,62,34.92,72,31.86,1,3,1,4,1,,6,,,,,,,3,3893,汐崎正則,46,愛知,53.0,A2,6.01,41.09,5.1,20.0,54,42.74,43,36.59,2,1,5,3,2,,1,6,,,,,4,4,4706,三浦洋次,34,愛知,48.0,A1,5.74,38.82,7.17,50.0,9,31.5,19,45.45,3,,,,,,2,4,2,1,4,3,5,5,3708,岡部貴司,48,岡山,56.0,A2,5.35,31.09,4.36,36.36,41,42.28,67,33.91,4,,,,,,2,2,1,5,5,3,3,6,4737,竹井貴史,31,福岡,52.0,B1,6.84,55.29,6.22,44.44,6,22.83,16,29.31,1,3,4,5,3,,2,4,,,,,1
202211011411,１Ｒ  朝からセンプ          Ｈ１８００ｍ  電話投票締切予定１０：３５,第5日,2022-11-01,ボートレース尼崎,11R,準優勝戦,1800,15:42,1,3744,徳増秀樹,47,静岡,55.0,A1,7.08,51.26,7.2,53.33,58,33.6,69,31.75,2,1,1,1,5,,6,,,,,,,2,4500,山田康二,34,佐賀,52.0,A1,7.33,55.34,,,61,33.86,31,31.09,1,5,6,1,1,,1,,,,,,,3,4718,北川太一,29,佐賀,50.0,A2,5.65,36.89,6.06,41.94,46,22.03,28,35.19,3,3,2,2,2,,2,4,,,,,3,4,3841,佐々木和,46,徳島,53.0,A1,6.74,53.73,6.61,53.57,24,31.45,21,40.65,4,1,3,,,,3,3,3,2,,,7,5,4271,川崎公靖,40,広島,52.0,B1,4.67,26.4,5.09,26.09,53,45.24,22,37.29,3,3,4,,,,1,2,4,,,,5,6,4207,松下一也,39,静岡,55.0,A1,6.37,48.85,6.7,51.06,39,47.62,30,32.31,4,6,4,1,2,,4,,,,,,
202211011412,１Ｒ  朝からセンプ          Ｈ１８００ｍ  電話投票締切予定１０：３５,第5日,2022-11-01,ボートレース尼崎,12R,準優勝戦,1800,16:25,1,4174,赤坂俊輔,40,長崎,51.0,A1,6.84,56.03,6.7,60.0,23,24.35,59,42.15,1,4,2,2,1,,3,,,,,,,2,4195,前川守嗣,40,福岡,57.0,B1,5.62,36.61,5.89,33.33,38,39.37,12,31.15,2,,,,,,2,6,4,1,2,1,7,3,4121,富永修一,40,福岡,53.0,B1,6.12,45.87,5.89,44.44,36,39.68,65,53.15,2,4,1,,,,3,3,1,3,,,2,4,3333,丸尾義孝,54,徳島,52.0,A1,5.97,43.33,6.19,38.1,37,26.27,52,44.54,2,,,,,,3,5,2,2,4,2,8,5,4728,山口 亮,34,東京,53.0,B1,5.07,33.93,4.86,28.57,11,26.4,15,37.07,2,1,6,,,,5,2,1,,,,4,6,4336,松田竜馬,38,福岡,55.0,A2,5.81,44.78,6.88,50.0,17,34.92,14,34.19,2,,,,,,4,2,2,4,4,5,5
202211011101,ルーキーシリーズ第１９戦スカパー！・ＪＬＣ杯,第4日,2022-11-01,ボートレースびわこ,1R,アサイチびわ,1800,10:31,1,5017,澤田尚也,23,滋賀,52.0,A1,6.65,53.85,5.49,33.46,30,37.61,32,23.94,2,4,3,2,1,,1,2,,,,,,2,4962,畑 竜生,26,三重,51.0,A2,5.27,34.85,4.97,30.0,50,48.21,20,28.41,2,,,,,,1,3,6,6,,,8,3,4877,鈴谷一平,28,兵庫,56.0,A2,5.98,40.91,5.35,25.0,16,26.88,55,43.0,1,4,3,1,2,,1,1,,,,,,4,5066,鈴木孝明,24,埼玉,53.0,B1,5.21,28.97,6.57,42.86,28,37.29,13,18.09,6,6,1,,,,3,6,,,,,,5,5221,竹間隆晟,21,大阪,54.0,B1,3.38,8.91,2.11,,59,34.86,39,34.29,4,4,2,,,,5,,,,,,5,6,4946,船越健吾,30,香川,51.0,B1,4.2,22.94,,,68,39.56,63,26.6,6,,,,,,6,3,1,,,,10
202211011102,ルーキーシリーズ第１９戦スカパー！・ＪＬＣ杯,第4日,2022-11-01,ボートレースびわこ,2R,ファイト！Ｂ,1800,11:00,1,5033,藤原孝斗,24,愛知,55.0,B1,4.08,16.35,3.27,7.69,54,43.88,53,34.65,4,,,,,,5,6,4,,,,6,2,5115,香川颯太,22,滋賀,51.0,B1,4.5,29.7,3.35,12.5,67,16.95,65,28.21,3,,,,,,1,4,2,6,,,11,3,5047,國分将太,28,東京,53.0,B1,4.92,32.22,2.63,,32,34.23,16,26.74,5,,,,,,3,4,1,,,,12,4,5178,成貞琳平,26,愛知,54.0,B2,1.78,1.2,,,19,33.71,27,29.41,4,,,,,,6,6,4,,,,9,5,5222,津田陸翔,21,広島,53.0,B2,2.33,1.01,,,43,17.07,34,42.99,6,,,,,,4,6,6,,,,7,6,5070,中島 航,28,東京,52.0,B1,3.87,22.54,6.4,40.0,33,35.48,33,37.86,4,,,,,,4,5,6,,,,8
202211011103,ルーキーシリーズ第１９戦スカパー！・ＪＬＣ杯,第4日,2022-11-01,ボートレースびわこ,3R,予選,1800,11:27,1,5023,久永祥平,27,東京,50.0,A2,2.61,7.32,3.06,,48,41.18,48,31.0,5,,,,,,6,5,5,,,,9,2,5050,木下雄介,27,滋賀,52.0,B1,4.47,25.96,3.58,12.68,31,29.13,69,39.39,2,,,,,,5,5,6,3,,,,3,5075,中島秀治,26,滋賀,54.0,A2,5.9,40.59,4.46,26.42,27,37.27,54,29.41,3,2,5,3,4,,7,,,,,,,4,4967,中村魁生,24,大阪,50.0,A1,6.21,41.18,5.27,36.36,38,40.59,14,24.05,2,5,1,2,1,,1,0,,,,,,5,5031,渡辺空依,25,福岡,53.0,B1,3.51,4.65,2.43,,71,32.58,35,28.41,6,,,,,,3,6,5,,,,8,6,5073,上原健次,27,福岡,54.0,B1,4.62,17.82,4.45,20.0,65,22.95,64,41.05,3,4,4,,,,4,5,,,,,
202211011104,ルーキーシリーズ第１９戦スカパー！・ＪＬＣ杯,第4日,2022-11-01,ボートレースびわこ,4R,予選,1800,11:54,1,5217,藤原碧生,22,岡山,54.0,B1,4.44,17.5,,,40,43.55,23,42.86,2,,,,,,2,4,3,5,,,8,2,5068,前田 滉,22,愛知,51.0,B1,6.38,46.94,5.21,33.33,45,36.27,25,22.37,1,3,3,,,,4,2,,,,,10,3,4910,中村泰平,26,愛知,52.0,A1,6.51,49.17,6.66,43.75,14,36.36,66,42.45,1,6,1,4,,,1,2,,,,,,4,5084,末永和也,23,佐賀,52.0,A2,6.83,54.36,6.86,59.09,63,29.35,41,33.64,4,2,2,3,1,,1,1,,,,,,5,5131,江藤敦宏,23,福岡,52.0,B1,2.76,5.15,,,62,32.71,49,47.12,5,5,1,,,,3,6,,,,,,6,5020,宮村勇哉,30,三重,55.0,B1,4.25,22.22,1.0,,70,33.94,22,26.58,5,,,,,,3,6,6,3,,,
202211011105,ルーキーシリーズ第１９戦スカパー！・ＪＬＣ杯,第4日,2022-11-01,ボートレースびわこ,5R,予選,1800,12:24,1,5221,竹間隆晟,21,大阪,54.0,B1,3.38,8.91,2.11,,59,34.86,39,34.29,4,4,2,,,,5,,,,,,1,2,5093,浦野 海,20,福岡,53.0,B1,4.02,21.28,3.0,11.11,55,36.11,58,32.08,5,5,6,,,,5,,,,,,,3,5005,石田貴洋,26,埼玉,52.0,A2,5.94,41.43,3.56,11.11,20,35.45,72,26.92,6,,,,,,2,5,2,5,,,10,4,5107,松本真広,23,福岡,49.0,B1,2.76,8.99,,,57,29.79,29,32.67,2,,,,,,4,4,1,5,,,11,5,5112,砂長知輝,23,埼玉,52.0,A2,6.08,44.25,5.1,20.0,60,34.95,61,38.0,6,6,4,,,,2,2,,,,,,6,4960,黒野元基,26,愛知,52.0,A1,6.84,51.8,7.33,57.5,24,27.18,37,22.73,3,3,2,2,1,,9,,,,,,
202211011106,ルーキーシリーズ第１９戦スカパー！・ＪＬＣ杯,第4日,2022-11-01,ボートレースびわこ,6R,ゴゴイチびわ,1800,12:54,1,4959,井上忠政,26,大阪,53.0,A1,6.41,43.22,6.55,48.48,22,35.45,18,21.13,1,1,5,2,3,,1,1,,,,,,2,4886,入海 馨,26,岡山,53.0,A2,6.6,44.53,5.21,28.57,25,19.23,68,28.74,2,1,3,4,1,,,,,,,,,3,5049,松井友汰,27,大阪,55.0,B1,4.68,25.41,4.42,18.6,73,33.33,36,39.29,3,4,1,,,,3,2,,,,,12,4,5033,藤原孝斗,24,愛知,55.0,B1,4.08,16.35,3.27,7.69,54,43.88,53,34.65,4,,,,,,5,6,4,,,,2,5,5224,西岡顕心,21,香川,52.0,B2,2.94,4.88,2.35,,46,33.68,70,26.74,6,,,,,,4,6,5,,,,10,6,5157,市川健太,25,滋賀,56.0,B1,3.44,14.1,2.56,3.33,56,25.0,50,37.25,1,3,6,,,,6,,,,,,
202211011107,ルーキーシリーズ第１９戦スカパー！・ＪＬＣ杯,第4日,2022-11-01,ボートレースびわこ,7R,予選,1800,13:24,1,5075,中島秀治,26,滋賀,54.0,A2,5.9,40.59,4.46,26.42,27,37.27,54,29.41,3,2,5,3,4,,3,,,,,,,2,4966,田川大貴,24,長崎,55.0,B1,5.78,37.74,,,51,26.26,43,31.0,4,3,1,,,,5,5,,,,,,3,5206,梅原祥平,25,岡山,52.0,B2,1.87,2.65,2.43,,39,23.46,15,27.59,6,5,5,,,,5,,,,,,,4,5121,定松勇樹,21,佐賀,53.0,A2,6.77,56.36,5.67,36.67,52,31.25,59,38.46,1,1,1,3,2,,1,2,,,,,,5,4931,木谷賢太,26,香川,53.0,A2,5.79,37.98,6.68,59.09,47,42.11,62,38.78,1,5,2,,,,1,2,,,,,11,6,5222,津田陸翔,21,広島,53.0,B2,2.33,1.01,,,43,17.07,34,42.99,6,,,,,,4,6,6,,,,2
202211011108,ルーキーシリーズ第１９戦スカパー！・ＪＬＣ杯,第4日,2022-11-01,ボートレースびわこ,8R,予選,1800,13:54,1,5031,渡辺空依,25,福岡,53.0,B1,3.51,4.65,2.43,,71,32.58,35,28.41,6,,,,,,3,6,5,,,,3,2,5217,藤原碧生,22,岡山,54.0,B1,4.44,17.5,,,40,43.55,23,42.86,2,,,,,,2,4,3,5,,,4,3,4962,畑 竜生,26,三重,51.0,A2,5.27,34.85,4.97,30.0,50,48.21,20,28.41,2,,,,,,1,3,6,6,,,1,4,4872,山下流心,29,広島,52.0,A1,5.11,27.05,4.28,24.14,15,30.23,24,34.07,5,4,5,,,,4,2,,,,,,5,5070,中島 航,28,東京,52.0,B1,3.87,22.54,6.4,40.0,33,35.48,33,37.86,4,,,,,,4,5,6,,,,2,6,4958,溝口海義,27,福岡,55.0,A2,6.17,39.67,5.94,38.89,17,49.63,17,37.89,2,2,1,1,1,,1,2,,,,,
202211011109,ルーキーシリーズ第１９戦スカパー！・ＪＬＣ杯,第4日,2022-11-01,ボートレースびわこ,9R,予選特賞,1800,14:26,1,5125,高井雄基,26,愛知,52.0,B2,4.61,28.57,,,66,29.41,52,39.05,3,3,5,,,,4,6,,,,,,2,5023,久永祥平,27,東京,50.0,A2,2.61,7.32,3.06,,48,41.18,48,31.0,5,,,,,,6,5,5,,,,3,3,5060,数原 魁,25,兵庫,52.0,B1,4.38,21.18,3.6,13.33,35,41.07,44,33.33,6,1,4,,,,4,4,,,,,,4,4960,黒野元基,26,愛知,52.0,A1,6.84,51.8,7.33,57.5,24,27.18,37,22.73,3,3,2,2,1,,5,,,,,,,5,4953,尾上雅也,28,埼玉,53.0,A2,5.58,37.88,5.3,34.88,26,22.06,19,42.99,2,5,5,,,,3,4,,,,,,6,5178,成貞琳平,26,愛知,54.0,B2,1.78,1.2,,,19,33.71,27,29.41,4,,,,,,6,6,4,,,,2
202211011110,ルーキーシリーズ第１９戦スカパー！・ＪＬＣ杯,第4日,2022-11-01,ボートレースびわこ,10R,予選特賞,1800,14:59,1,5005,石田貴洋,26,埼玉,52.0,A2,5.94,41.43,3.56,11.11,20,35.45,72,26.92,6,,,,,,2,5,2,5,,,5,2,5015,高橋竜矢,24,広島,51.0,A2,6.57,48.87,5.28,34.48,53,32.14,38,25.64,3,1,2,2,2,,,,,,,,,3,4946,船越健吾,30,香川,51.0,B1,4.2,22.94,,,68,39.56,63,26.6,6,,,,,,6,3,1,,,,1,4,5068,前田 滉,22,愛知,51.0,B1,6.38,46.94,5.21,33.33,45,36.27,25,22.37,1,3,3,,,,4,2,,,,,4,5,4967,中村魁生,24,大阪,50.0,A1,6.21,41.18,5.27,36.36,38,40.59,14,24.05,2,5,1,2,1,,3,,,,,,,6,5224,西岡顕心,21,香川,52.0,B2,2.94,4.88,2.35,,46,33.68,70,26.74,6,,,,,,4,6,5,,,,6
202211011111,ルーキーシリーズ第１９戦スカパー！・ＪＬＣ杯,第4日,2022-11-01,ボートレースびわこ,11R,予選特選,1800,15:33,1,5084,末永和也,23,佐賀,52.0,A2,6.83,54.36,6.86,59.09,63,29.35,41,33.64,4,2,2,3,1,,4,,,,,,,2,4931,木谷賢太,26,香川,53.0,A2,5.79,37.98,6.68,59.09,47,42.11,62,38.78,1,5,2,,,,1,2,,,,,7,3,4959,井上忠政,26,大阪,53.0,A1,6.41,43.22,6.55,48.48,22,35.45,18,21.13,1,1,5,2,3,,6,,,,,,,4,4877,鈴谷一平,28,兵庫,56.0,A2,5.98,40.91,5.35,25.0,16,26.88,55,43.0,1,4,3,1,2,,1,,,,,,,5,5115,香川颯太,22,滋賀,51.0,B1,4.5,29.7,3.35,12.5,67,16.95,65,28.21,3,,,,,,1,4,2,6,,,2,6,5107,松本真広,23,福岡,49.0,B1,2.76,8.99,,,57,29.79,29,32.67,2,,,,,,4,4,1,5,,,5
202211011112,ルーキーシリーズ第１９戦スカパー！・ＪＬＣ杯,第4日,2022-11-01,ボートレースびわこ,12R,予選特選,1800,16:10,1,5121,定松勇樹,21,佐賀,53.0,A2,6.77,56.36,5.67,36.67,52,31.25,59,38.46,1,1,1,3,2,,7,,,,,,,2,4910,中村泰平,26,愛知,52.0,A1,6.51,49.17,6.66,43.75,14,36.36,66,42.45,1,6,1,4,,,4,,,,,,,3,5017,澤田尚也,23,滋賀,52.0,A1,6.65,53.85,5.49,33.46,30,37.61,32,23.94,2,4,3,2,1,,1,,,,,,,4,5047,國分将太,28,東京,53.0,B1,4.92,32.22,2.63,,32,34.23,16,26.74,5,,,,,,3,4,1,,,,2,5,4958,溝口海義,27,福岡,55.0,A2,6.17,39.67,5.94,38.89,17,49.63,17,37.89,2,2,1,1,1,,8,,,,,,,6,5049,松井友汰,27,大阪,55.0,B1,4.68,25.41,4.42,18.6,73,33.33,36,39.29,3,4,1,,,,3,2,,,,,6
202211010901,津マスターズリーグ第８戦マクール杯,第1日,2022-11-01,ボートレース津,1R,ツッキーレー,1800,10:29,1,3554,仲口博崇,50,愛知,51.0,A1,6.81,46.88,6.2,33.33,40,22.22,17,43.48,1,2,,,,,,,,,,,,2,3809,吉田 光,47,佐賀,49.0,B1,5.25,33.33,,,70,16.67,44,40.63,1,0,,,,,,,,,,,,3,3313,本吉正樹,57,東京,56.0,B1,4.95,27.91,3.44,18.75,64,19.23,24,42.86,,,,,,,,,,,,,,4,3701,大西隆洋,49,香川,57.0,B1,4.32,22.58,4.14,28.57,38,28.57,49,54.17,7,,,,,,,,,,,,,5,3855,大熊辰弥,50,香川,51.0,B1,4.51,23.86,4.44,18.75,32,25.93,23,25.0,8,,,,,,,,,,,,,6,3928,林 恵祐,47,福岡,57.0,B1,3.88,20.2,,,15,47.37,45,70.59,9,,,,,,,,,,,,
202211010902,津マスターズリーグ第８戦マクール杯,第1日,2022-11-01,ボートレース津,2R,予選,1800,10:55,1,3712,淺香文武,48,三重,53.0,B1,4.61,20.37,5.46,39.47,62,47.37,74,47.5,8,,,,,,,,,,,,,2,3726,桂林 寛,51,福岡,54.0,B1,4.92,27.35,4.2,20.0,13,45.45,36,34.38,9,,,,,,,,,,,,,3,3839,川合理司,47,静岡,63.0,B1,4.25,19.19,3.5,,24,42.11,65,34.78,,,,,,,,,,,,,,4,3339,泉 具巳,57,兵庫,54.0,B2,4.31,23.88,4.82,23.53,27,35.48,12,42.86,,,,,,,,,,,,,,5,3459,中野和裕,55,佐賀,56.0,B1,3.92,14.44,,,55,42.86,53,42.86,6,,,,,,,,,,,,,6,3340,池田雷太,57,東京,54.0,B1,4.44,20.91,4.67,33.33,69,34.78,59,29.17,7,,,,,,,,,,,,
202211010903,津マスターズリーグ第８戦マクール杯,第1日,2022-11-01,ボートレース津,3R,予選,1800,11:21,1,3660,長谷川親,53,香川,58.0,B1,4.11,20.0,3.56,11.11,57,32.0,69,65.38,,,,,,,,,,,,,,2,3655,本橋克洋,49,群馬,54.0,A2,5.66,36.7,5.82,41.82,18,29.63,73,40.0,9,,,,,,,,,,,,,3,3444,香月大介,53,福岡,53.0,B1,3.96,19.05,3.83,16.67,20,25.0,63,55.17,8,,,,,,,,,,,,,4,3412,鈴木 博,53,埼玉,53.0,A1,6.33,45.1,4.89,36.84,17,34.48,15,41.18,1,1,,,,,,,,,,,,5,3857,阿波勝哉,49,東京,54.0,A2,4.85,22.95,4.47,17.57,14,35.0,58,33.33,1,0,,,,,,,,,,,,6,3558,山本浩次,49,岡山,54.0,B1,5.6,37.33,5.9,30.0,71,40.0,35,56.25,,,,,,,,,,,,,
202211010904,津マスターズリーグ第８戦マクール杯,第1日,2022-11-01,ボートレース津,4R,予選,1800,11:47,1,3432,宮迫暢彦,54,大阪,54.0,B1,4.18,24.75,4.37,19.4,30,44.83,68,36.67,1,1,,,,,,,,,,,,2,3414,加瀬智宏,53,群馬,54.0,A2,5.0,32.95,5.63,36.14,28,40.0,22,38.1,9,,,,,,,,,,,,,3,3231,吉田隆義,56,愛知,55.0,B1,4.0,21.31,5.02,36.59,61,56.67,32,37.5,,,,,,,,,,,,,,4,3347,矢後 剛,55,東京,58.0,A2,4.95,26.09,5.43,28.99,36,40.63,47,32.14,1,0,,,,,,,,,,,,5,3811,石田章央,46,静岡,55.0,A1,6.64,48.03,6.95,51.28,34,24.24,60,26.67,1,2,,,,,,,,,,,,6,3455,谷本幸司,51,愛知,50.0,B1,5.87,42.65,6.06,38.71,53,16.67,72,26.92,,,,,,,,,,,,,
202211010905,津マスターズリーグ第８戦マクール杯,第1日,2022-11-01,ボートレース津,5R,５ールドレー,1800,12:15,1,3635,石田政吾,52,福井,53.0,A1,5.54,41.12,6.88,64.71,49,17.65,43,42.31,1,2,,,,,,,,,,,,2,3315,広瀬聖仁,57,愛知,53.0,B1,3.62,15.56,4.91,29.41,26,29.73,67,32.14,1,1,,,,,,,,,,,,3,3066,田中定雄,62,埼玉,54.0,B1,3.7,15.07,3.6,6.67,68,28.57,51,38.1,9,,,,,,,,,,,,,4,3605,中村守成,51,三重,53.0,B1,4.95,28.57,5.04,32.14,58,34.21,37,38.46,,,,,,,,,,,,,,5,3692,竹腰正樹,51,福井,54.0,B1,4.52,22.68,4.04,20.0,73,22.22,39,38.1,1,0,,,,,,,,,,,,6,3370,坪内 実,55,大阪,54.0,B1,3.84,17.72,4.85,29.63,59,35.71,20,28.57,,,,,,,,,,,,,
202211010906,津マスターズリーグ第８戦マクール杯,第1日,2022-11-01,ボートレース津,6R,予選,1800,12:43,1,3353,前田光昭,54,埼玉,53.0,B2,5.09,26.47,5.59,44.44,43,34.48,66,53.33,,,,,,,,,,,,,,2,3702,貞兼淳二,49,福岡,59.0,A2,5.51,31.94,4.82,23.53,47,65.63,28,28.57,1,1,,,,,,,,,,,,3,3517,高橋 勲,54,東京,54.0,B2,6.29,42.86,6.2,45.0,63,55.0,18,36.0,,,,,,,,,,,,,,4,3459,中野和裕,55,佐賀,56.0,B1,3.92,14.44,,,55,42.86,53,42.86,2,,,,,,,,,,,,,5,3445,加藤高史,53,埼玉,52.0,A2,5.28,31.11,6.6,45.0,37,51.61,16,38.46,1,0,,,,,,,,,,,,6,3915,繁野谷圭,48,大阪,52.0,A1,6.67,47.33,5.89,34.21,25,39.29,61,43.48,1,2,,,,,,,,,,,
202211010907,津マスターズリーグ第８戦マクール杯,第1日,2022-11-01,ボートレース津,7R,予選,1800,13:16,1,3620,信濃由行,48,福井,55.0,B1,4.58,24.05,4.54,21.43,35,45.45,13,30.77,,,,,,,,,,,,,,2,3340,池田雷太,57,東京,54.0,B1,4.44,20.91,4.67,33.33,69,34.78,59,29.17,2,,,,,,,,,,,,,3,3952,中澤和志,46,埼玉,53.0,A1,6.53,42.27,7.05,58.62,31,56.25,41,32.0,1,2,,,,,,,,,,,,4,3233,小畑実成,55,岡山,52.0,A2,5.76,33.63,4.9,30.0,48,36.36,54,37.04,,,,,,,,,,,,,,5,3701,大西隆洋,49,香川,57.0,B1,4.32,22.58,4.14,28.57,38,28.57,49,54.17,1,,,,,,,,,,,,,6,3543,福田雅一,54,香川,54.0,A2,5.43,36.07,4.31,25.0,45,46.67,34,47.06,1,1,,,,,,,,,,,
202211010908,津マスターズリーグ第８戦マクール杯,第1日,2022-11-01,ボートレース津,8R,予選,1800,13:50,1,3855,大熊辰弥,50,香川,51.0,B1,4.51,23.86,4.44,18.75,32,25.93,23,25.0,1,,,,,,,,,,,,,2,3716,石渡鉄兵,47,東京,54.0,A1,7.36,56.25,7.9,60.0,23,24.0,30,20.0,1,2,,,,,,,,,,,,3,3712,淺香文武,48,三重,53.0,B1,4.61,20.37,5.46,39.47,62,47.37,74,47.5,2,,,,,,,,,,,,,4,3895,堀本裕也,46,愛知,48.0,B1,4.16,18.63,4.73,30.77,21,35.0,71,33.33,,,,,,,,,,,,,,5,3502,渡邉英児,53,静岡,53.0,A2,6.02,45.31,5.58,36.99,39,5.88,55,46.43,,,,,,,,,,,,,,6,3444,香月大介,53,福岡,53.0,B1,3.96,19.05,3.83,16.67,20,25.0,63,55.17,3,,,,,,,,,,,,
202211010909,津マスターズリーグ第８戦マクール杯,第1日,2022-11-01,ボートレース津,9R,予選,1800,14:26,1,3284,渡邊伸太,55,佐賀,54.0,A2,5.95,40.0,4.52,19.05,41,37.93,33,40.0,,,,,,,,,,,,,,2,3928,林 恵祐,47,福岡,57.0,B1,3.88,20.2,,,15,47.37,45,70.59,1,,,,,,,,,,,,,3,3726,桂林 寛,51,福岡,54.0,B1,4.92,27.35,4.2,20.0,13,45.45,36,34.38,2,,,,,,,,,,,,,4,3414,加瀬智宏,53,群馬,54.0,A2,5.0,32.95,5.63,36.14,28,40.0,31,18.18,4,,,,,,,,,,,,,5,3066,田中定雄,62,埼玉,54.0,B1,3.7,15.07,3.6,6.67,68,28.57,51,38.1,5,,,,,,,,,,,,,6,3655,本橋克洋,49,群馬,54.0,A2,5.66,36.7,5.82,41.82,18,29.63,73,40.0,3,,,,,,,,,,,,
202211010910,津マスターズリーグ第８戦マクール杯,第1日,2022-11-01,ボートレース津,10R,予選特賞,1800,15:02,1,3445,加藤高史,53,埼玉,52.0,A2,5.28,31.11,6.6,45.0,37,51.61,16,38.46,6,,,,,,,,,,,,,2,3692,竹腰正樹,51,福井,54.0,B1,4.52,22.68,4.04,20.0,73,22.22,39,38.1,5,,,,,,,,,,,,,3,3659,藤生雄人,48,群馬,54.0,A2,6.13,45.28,6.03,43.59,65,14.81,56,57.14,,,,,,,,,,,,,,4,3809,吉田 光,47,佐賀,49.0,B1,5.25,33.33,,,70,16.67,44,40.63,1,,,,,,,,,,,,,5,3347,矢後 剛,55,東京,58.0,A2,4.95,26.09,5.43,28.99,36,40.63,47,32.14,4,,,,,,,,,,,,,6,3857,阿波勝哉,49,東京,54.0,A2,4.85,22.95,4.47,17.57,14,35.0,58,33.33,3,,,,,,,,,,,,
202211010911,津マスターズリーグ第８戦マクール杯,第1日,2022-11-01,ボートレース津,11R,予選特選,1800,15:39,1,3745,橋本年光,47,兵庫,53.0,A2,5.35,27.62,4.43,28.57,54,41.67,40,23.08,,,,,,,,,,,,,,2,3412,鈴木 博,53,埼玉,53.0,A1,6.33,45.1,4.89,36.84,17,34.48,15,41.18,3,,,,,,,,,,,,,3,3315,広瀬聖仁,57,愛知,53.0,B1,3.62,15.56,4.91,29.41,26,29.73,67,32.14,5,,,,,,,,,,,,,4,3543,福田雅一,54,香川,54.0,A2,5.43,36.07,4.31,25.0,45,46.67,34,47.06,7,,,,,,,,,,,,,5,3432,宮迫暢彦,54,大阪,54.0,B1,4.18,24.75,4.37,19.4,30,44.83,68,36.67,4,,,,,,,,,,,,,6,3702,貞兼淳二,49,福岡,59.0,A2,5.51,31.94,4.82,23.53,47,65.63,28,28.57,6,,,,,,,,,,,,
202211010912,津マスターズリーグ第８戦マクール杯,第1日,2022-11-01,ボートレース津,12R,ドリーム戦,1800,16:20,1,3716,石渡鉄兵,47,東京,54.0,A1,7.36,56.25,7.9,60.0,23,24.0,30,20.0,8,,,,,,,,,,,,,2,3952,中澤和志,46,埼玉,53.0,A1,6.53,42.27,7.05,58.62,31,56.25,41,32.0,7,,,,,,,,,,,,,3,3554,仲口博崇,50,愛知,51.0,A1,6.81,46.88,6.2,33.33,40,22.22,17,43.48,1,,,,,,,,,,,,,4,3915,繁野谷圭,48,大阪,52.0,A1,6.67,47.33,5.89,34.21,25,39.29,61,43.48,6,,,,,,,,,,,,,5,3635,石田政吾,52,福井,53.0,A1,5.54,41.12,6.88,64.71,49,17.65,43,42.31,5,,,,,,,,,,,,,6,3811,石田章央,46,静岡,55.0,A1,6.64,48.03,6.95,51.28,34,24.24,60,26.67,4,,,,,,,,,,,,
202211010701,ラグーナテンボス２０周年記念カップ,第4日,2022-11-01,ボートレース蒲郡,1R,一般戦,1800,15:17,1,3141,山来和人,60,東京,54.0,B1,4.13,24.74,4.26,26.19,71,28.77,71,22.64,5,6,2,,,,3,2,,,,,,2,3044,三宅爾士,61,福井,57.0,B1,4.6,28.57,4.68,28.0,69,38.16,74,32.91,5,4,5,,,,5,6,,,,,,3,4496,内堀 学,35,東京,56.0,B1,5.8,38.78,6.5,55.0,25,30.85,68,39.24,2,6,4,3,5,,,,,,,,,4,3377,塚田修二,55,東京,56.0,B1,4.2,19.51,4.46,19.23,64,35.8,47,25.0,3,4,6,6,4,,6,,,,,,,5,5230,石原凪紗,19,愛知,46.0,B2,2.07,5.0,1.29,,58,40.51,20,36.49,6,,,,,,6,6,5,,,,5,6,4035,杉江浩明,43,愛知,50.0,B1,4.03,25.62,3.88,20.88,31,31.71,22,34.29,5,4,6,4,3,,,,,,,,
202211010702,ラグーナテンボス２０周年記念カップ,第4日,2022-11-01,ボートレース蒲郡,2R,一般戦,1800,15:40,1,5129,山口真喜,25,長崎,47.0,B1,4.91,30.0,3.0,5.26,62,51.25,62,33.78,4,,,,,,6,4,2,5,,,,2,3860,松本浩貴,49,埼玉,52.0,B1,4.72,24.78,4.6,22.22,61,33.73,38,35.44,5,,,,,,4,5,4,4,,,,3,3542,清水紀克,54,愛知,54.0,B1,4.13,24.11,4.67,31.03,14,54.55,45,26.25,7,,,,,,,,,,,,,4,3072,西田 靖,61,東京,54.0,B1,4.99,28.57,5.02,27.27,65,30.0,17,52.17,1,5,6,,,,2,3,,,,,,5,3730,塩崎優司,50,愛知,51.0,B1,4.66,22.45,5.61,37.62,57,28.57,72,23.19,3,,,,,,1,3,2,1,,,9,6,5082,一色凌雅,23,愛知,58.0,B1,4.72,28.16,4.16,19.44,32,28.92,24,33.75,2,6,5,4,2,,1,2,,,,,
202211010703,ラグーナテンボス２０周年記念カップ,第4日,2022-11-01,ボートレース蒲郡,3R,一般戦,1800,16:05,1,4421,森作広大,34,東京,57.0,B1,4.7,20.29,3.75,12.5,59,38.95,23,28.57,4,3,3,4,2,,1,0,,,,,,2,4056,小西英輝,44,福井,52.0,B1,4.74,29.52,5.38,38.1,36,21.21,73,34.57,4,3,3,2,4,,9,,,,,,,3,4124,池田雄一,40,静岡,52.0,A2,6.18,46.85,5.54,38.46,41,27.03,41,31.46,2,,,,,,2,6,1,6,,,9,4,3911,鈴木 猛,48,東京,52.0,A2,4.97,27.93,5.36,38.0,73,40.79,31,36.84,2,2,2,,,,1,3,,,,,11,5,3880,浅見宗孝,49,埼玉,55.0,B1,5.3,35.81,5.11,44.44,39,45.12,61,31.17,1,6,3,5,6,,7,,,,,,,6,5148,松本 怜,28,福岡,46.0,B1,2.57,5.41,3.22,11.11,45,51.72,39,37.04,6,,,,,,4,6,6,2,,,
202211010704,ラグーナテンボス２０周年記念カップ,第4日,2022-11-01,ボートレース蒲郡,4R,一般戦,1800,16:35,1,4169,多田有佑,40,東京,54.0,B1,4.41,24.1,4.02,25.0,63,37.36,21,50.0,3,3,5,,,,4,3,,,,,12,2,5085,中村栄治,23,福井,50.0,B1,3.9,18.6,2.29,4.76,74,39.74,69,21.43,3,6,1,,,,4,6,,,,,8,3,4526,池田雄祐,34,愛知,51.0,A2,6.38,48.44,5.41,37.86,60,50.52,35,26.67,1,,,,,,1,3,2,5,,,10,4,3776,横井健太,47,愛知,57.0,B1,4.14,20.88,5.69,37.04,40,33.77,12,46.07,6,5,5,,,,6,6,,,,,,5,5186,遠藤圭吾,22,東京,54.0,B1,2.9,8.7,3.3,10.0,24,49.47,19,31.88,6,,,,,,4,6,6,5,,,,6,4190,長嶋万記,41,静岡,49.0,A1,6.75,48.0,6.54,46.43,66,26.87,26,35.21,2,1,3,1,1,,9,,,,,,
202211010705,ラグーナテンボス２０周年記念カップ,第4日,2022-11-01,ボートレース蒲郡,5R,一般戦,1800,17:02,1,3987,後藤正宗,44,静岡,53.0,A2,6.92,53.57,5.87,45.28,30,32.56,70,25.37,2,3,4,6,2,,9,,,,,,,2,4110,小澤和也,42,埼玉,57.0,B1,4.62,29.21,5.17,29.79,26,32.95,66,39.78,1,4,2,3,1,,1,0,,,,,,3,4208,三浦永理,39,静岡,47.0,A2,6.44,45.45,6.82,53.42,27,33.33,13,25.61,5,,,,,,3,2,2,4,,,11,4,5230,石原凪紗,19,愛知,46.0,B2,2.07,5.0,1.29,,58,40.51,20,36.49,6,,,,,,6,6,5,,,,1,5,4832,権藤俊光,35,大阪,51.0,A1,6.83,54.7,7.91,63.64,23,31.46,75,28.07,1,5,1,1,1,,1,0,,,,,,6,3606,川北浩貴,50,滋賀,52.0,A1,6.12,46.27,5.94,47.06,29,48.91,76,38.89,3,2,1,1,1,,9,,,,,,
202211010706,ラグーナテンボス２０周年記念カップ,第4日,2022-11-01,ボートレース蒲郡,6R,一般戦,1800,17:31,1,3304,烏野賢太,54,徳島,52.0,A2,5.85,43.42,5.68,40.91,38,35.53,63,46.58,5,2,2,,,,3,5,,,,,11,2,4254,川島圭司,39,滋賀,52.0,A2,5.65,35.61,4.95,30.23,67,21.57,16,35.0,3,4,2,1,5,,1,0,,,,,,3,3377,塚田修二,55,東京,56.0,B1,4.2,19.51,4.46,19.23,64,35.8,47,25.0,3,4,6,6,4,,1,,,,,,,4,4276,鈴木勝博,39,愛知,52.0,A1,6.98,59.68,6.93,61.4,70,23.88,77,34.67,2,1,1,2,1,,1,1,,,,,,5,3690,河合三弘,52,愛知,53.0,B1,5.36,35.54,5.33,40.0,72,29.09,18,36.14,1,,,,,,1,4,6,,,,,6,3888,山本英志,47,東京,51.0,A1,6.34,44.97,6.44,55.88,56,22.58,32,39.47,1,5,4,1,3,,1,0,,,,,
202211010707,ラグーナテンボス２０周年記念カップ,第4日,2022-11-01,ボートレース蒲郡,7R,一般戦 進入固定 Ｈ１８０,ｍ電,17:59,1,3541,三嶌誠司,54,香川,52.0,A1,5.73,37.3,6.24,47.06,37,16.95,27,28.0,1,3,5,2,5,,1,1,,,,,,2,3542,清水紀克,54,愛知,54.0,B1,4.13,24.11,4.67,31.03,14,54.55,45,26.25,2,,,,,,,,,,,,,3,3880,浅見宗孝,49,埼玉,55.0,B1,5.3,35.81,5.11,44.44,39,45.12,61,31.17,1,6,3,5,6,,3,,,,,,,4,4757,山田祐也,33,徳島,53.0,A1,6.71,54.39,,,12,47.5,67,29.23,5,4,3,6,1,,1,2,,,,,,5,4373,若狭奈美,34,岡山,47.0,A2,6.12,40.4,,,11,48.72,34,35.23,4,,,,,,5,5,5,3,,,12,6,5166,仲道大輔,22,愛知,51.0,B2,4.03,9.89,2.45,7.14,47,22.22,36,26.88,,,,,,,,,,,,,
202211010708,ラグーナテンボス２０周年記念カップ,第4日,2022-11-01,ボートレース蒲郡,8R,一般戦,1800,18:27,1,4570,前田聖文,34,愛知,56.0,A2,5.16,32.52,5.32,40.91,35,42.67,33,20.51,3,5,,,,,4,4,,,,,12,2,4137,君島秀三,42,滋賀,52.0,A1,6.42,47.22,6.67,55.56,68,32.05,15,36.63,1,1,2,4,3,,1,1,,,,,,3,3381,滝沢芳行,54,埼玉,53.0,B1,4.92,24.1,5.21,26.32,33,40.0,64,34.21,2,3,,,,,5,6,,,,,,4,5085,中村栄治,23,福井,50.0,B1,3.9,18.6,2.29,4.76,74,39.74,69,21.43,3,6,1,,,,4,6,,,,,4,5,4123,細川裕子,40,愛知,46.0,A1,7.37,58.7,6.95,55.95,28,18.06,14,34.88,2,6,5,3,3,,1,2,,,,,,6,3293,宮内由紀,57,東京,52.0,B1,4.43,20.91,4.01,17.5,34,27.94,11,23.88,4,,,,,,2,5,1,4,,,
202211010709,ラグーナテンボス２０周年記念カップ,第4日,2022-11-01,ボートレース蒲郡,9R,準優勝戦,1800,18:57,1,4190,長嶋万記,41,静岡,49.0,A1,6.75,48.0,6.54,46.43,66,26.87,26,35.21,2,1,3,1,1,,4,,,,,,,2,3606,川北浩貴,50,滋賀,52.0,A1,6.12,46.27,5.94,47.06,29,48.91,76,38.89,3,2,1,1,1,,5,,,,,,,3,3730,塩崎優司,50,愛知,51.0,B1,4.66,22.45,5.61,37.62,57,28.57,72,23.19,3,,,,,,1,3,2,1,,,2,4,4124,池田雄一,40,静岡,52.0,A2,6.18,46.85,5.54,38.46,41,27.03,41,31.46,2,,,,,,2,6,1,6,,,3,5,3987,後藤正宗,44,静岡,53.0,A2,6.92,53.57,5.87,45.28,30,32.56,70,25.37,2,3,4,6,2,,5,,,,,,,6,4056,小西英輝,44,福井,52.0,B1,4.74,29.52,5.38,38.1,36,21.21,73,34.57,4,3,3,2,4,,3,,,,,,
202211010710,ラグーナテンボス２０周年記念カップ,第4日,2022-11-01,ボートレース蒲郡,10R,準優勝戦,1800,19:27,1,4832,権藤俊光,35,大阪,51.0,A1,6.83,54.7,7.91,63.64,23,31.46,75,28.07,1,5,1,1,1,,5,,,,,,,2,4526,池田雄祐,34,愛知,51.0,A2,6.38,48.44,5.41,37.86,60,50.52,35,26.67,1,,,,,,1,3,2,5,,,4,3,4110,小澤和也,42,埼玉,57.0,B1,4.62,29.21,5.17,29.79,26,32.95,66,39.78,1,4,2,3,1,,5,,,,,,,4,3888,山本英志,47,東京,51.0,A1,6.34,44.97,6.44,55.88,56,22.58,32,39.47,1,5,4,1,3,,6,,,,,,,5,4254,川島圭司,39,滋賀,52.0,A2,5.65,35.61,4.95,30.23,67,21.57,16,35.0,3,4,2,1,5,,6,,,,,,,6,4421,森作広大,34,東京,57.0,B1,4.7,20.29,3.75,12.5,59,38.95,23,28.57,4,3,3,4,2,,3,,,,,,
202211010711,ラグーナテンボス２０周年記念カップ,第4日,2022-11-01,ボートレース蒲郡,11R,準優勝戦,1800,19:57,1,4276,鈴木勝博,39,愛知,52.0,A1,6.98,59.68,6.93,61.4,70,23.88,77,34.67,2,1,1,2,1,,6,,,,,,,2,3911,鈴木 猛,48,東京,52.0,A2,4.97,27.93,5.36,38.0,73,40.79,31,36.84,2,2,2,,,,1,3,,,,,3,3,4137,君島秀三,42,滋賀,52.0,A1,6.42,47.22,6.67,55.56,68,32.05,15,36.63,1,1,2,4,3,,8,,,,,,,4,3541,三嶌誠司,54,香川,52.0,A1,5.73,37.3,6.24,47.06,37,16.95,27,28.0,1,3,5,2,5,,7,,,,,,,5,4208,三浦永理,39,静岡,47.0,A2,6.44,45.45,6.82,53.42,27,33.33,13,25.61,5,,,,,,3,2,2,4,,,5,6,3304,烏野賢太,54,徳島,52.0,A2,5.85,43.42,5.68,40.91,38,35.53,63,46.58,5,2,2,,,,3,5,,,,,6
202211010712,ラグーナテンボス２０周年記念カップ,第4日,2022-11-01,ボートレース蒲郡,12R,一般戦,1800,20:33,1,4757,山田祐也,33,徳島,53.0,A1,6.71,54.39,,,12,47.5,67,29.23,5,4,3,6,1,,7,,,,,,,2,5082,一色凌雅,23,愛知,58.0,B1,4.72,28.16,4.16,19.44,32,28.92,24,33.75,2,6,5,4,2,,2,,,,,,,3,4570,前田聖文,34,愛知,56.0,A2,5.16,32.52,5.32,40.91,35,42.67,33,20.51,3,5,,,,,4,4,,,,,8,4,4123,細川裕子,40,愛知,46.0,A1,7.37,58.7,6.95,55.95,28,18.06,14,34.88,2,6,5,3,3,,8,,,,,,,5,4169,多田有佑,40,東京,54.0,B1,4.41,24.1,4.02,25.0,63,37.36,21,50.0,3,3,5,,,,4,3,,,,,4,6,4373,若狭奈美,34,岡山,47.0,A2,6.12,40.4,,,11,48.72,34,35.23,4,,,,,,5,5,5,3,,,7
202211010501,ミドルエイジチャンピオン決定戦ＢＯＡＴＢｏｙＣＵＰ,第2日,2022-11-01,ボートレース多摩川,1R,まつりだｏｎ,1800,10:50,1,3957,大谷直弘,45,愛知,54.0,A2,5.7,38.03,5.34,28.75,32,36.19,23,34.95,3,2,,,,,9,,,,,,,2,4917,岩橋裕馬,34,兵庫,53.0,B1,3.91,14.0,5.13,25.0,14,29.36,54,33.33,4,,,,,,8,,,,,,,3,4438,森作雄大,36,東京,52.0,B1,4.99,27.83,4.6,28.57,26,44.79,79,28.13,1,,,,,,5,,,,,,,4,4379,桑島和宏,38,東京,56.0,A2,5.49,33.98,5.32,23.4,15,35.35,66,32.67,3,1,,,,,,,,,,,,5,4181,花本夏樹,39,三重,55.0,B1,4.69,21.11,4.56,22.22,18,27.72,67,30.39,5,,,,,,6,,,,,,,6,4327,加藤 翔,39,静岡,52.0,B1,4.75,28.16,4.51,23.64,21,37.08,74,34.65,5,4,,,,,,,,,,,
202211010502,ミドルエイジチャンピオン決定戦ＢＯＡＴＢｏｙＣＵＰ,第2日,2022-11-01,ボートレース多摩川,2R,予選,1800,11:17,1,4331,三好勇人,39,香川,55.0,B1,5.01,28.72,5.29,28.57,73,35.34,30,42.72,6,5,,,,,8,,,,,,,2,4031,飯島 誠,44,埼玉,53.0,B1,4.01,20.27,4.53,26.32,34,24.24,56,35.64,4,,,,,,9,,,,,,,3,4918,川島拓郎,33,静岡,53.0,B1,4.51,21.82,4.91,28.57,49,26.85,75,27.96,4,,,,,,7,,,,,,,4,4895,門間雄大,31,東京,55.0,B1,3.95,14.86,4.57,20.59,48,38.1,27,30.39,2,,,,,,1,1,,,,,,5,3905,天野友和,45,愛知,54.0,B1,5.54,36.45,6.3,50.0,11,48.48,81,35.48,2,5,,,,,6,,,,,,,6,4631,新井英孝,35,大阪,53.0,B1,4.24,20.9,4.84,26.32,68,32.26,31,50.49,5,3,,,,,,,,,,,
202211010503,ミドルエイジチャンピオン決定戦ＢＯＡＴＢｏｙＣＵＰ,第2日,2022-11-01,ボートレース多摩川,3R,予選,1800,11:44,1,4666,日笠勝弘,38,大阪,52.0,B1,4.39,24.77,4.47,17.65,72,37.37,39,34.0,6,4,,,,,,,,,,,,2,4211,村田 敦,39,東京,58.0,B1,4.5,21.67,4.52,22.95,75,30.19,24,31.0,6,,,,,,8,,,,,,,3,4539,金子賢志,32,群馬,53.0,A2,6.8,52.55,5.98,45.45,51,28.97,77,28.57,6,,,,,,1,2,,,,,,4,4040,廣瀬将亨,43,兵庫,57.0,A2,5.54,35.96,6.34,51.72,45,28.44,69,23.53,2,,,,,,1,0,,,,,,5,4796,春園功太,31,三重,52.0,B1,5.94,41.49,6.43,53.7,62,42.42,34,30.69,1,,,,,,1,1,,,,,,6,3992,関口智久,43,埼玉,54.0,B1,5.5,38.89,5.96,44.44,71,28.0,29,42.0,2,,,,,,7,,,,,,
202211010504,ミドルエイジチャンピオン決定戦ＢＯＡＴＢｏｙＣＵＰ,第2日,2022-11-01,ボートレース多摩川,4R,予選,1800,12:11,1,4422,永井亮次,34,大阪,53.0,B1,4.07,16.35,4.29,29.41,40,35.16,50,29.0,4,5,,,,,,,,,,,,2,4740,齋藤達希,30,静岡,53.0,B1,4.04,15.96,4.21,16.67,39,26.26,59,30.53,5,2,,,,,,,,,,,,3,4511,中岡健人,33,香川,59.0,B1,4.32,21.7,,,46,31.13,44,31.37,4,,,,,,9,,,,,,,4,3966,作間 章,43,東京,52.0,A1,6.82,53.42,6.29,45.45,19,29.13,72,32.35,1,,,,,,1,2,,,,,,5,4109,谷津幸宏,42,埼玉,55.0,A2,6.02,43.64,5.42,37.29,56,32.35,73,18.56,1,,,,,,8,,,,,,,6,4228,吉田慎二,39,愛知,56.0,B1,5.39,35.16,4.76,32.61,36,33.33,32,19.79,1,,,,,,1,0,,,,,
202211010505,ミドルエイジチャンピオン決定戦ＢＯＡＴＢｏｙＣＵＰ,第2日,2022-11-01,ボートレース多摩川,5R,予選,1800,12:38,1,4681,太田 潮,32,愛知,56.0,B2,4.81,25.3,3.53,15.79,24,23.53,61,41.18,3,6,,,,,,,,,,,,2,4438,森作雄大,36,東京,52.0,B1,4.99,27.83,4.6,28.57,26,44.79,79,28.13,1,,,,,,1,,,,,,,3,4588,田中京介,31,福岡,57.0,A2,5.61,35.96,5.58,31.58,47,21.57,58,33.98,2,4,,,,,1,0,,,,,,4,4360,庄司孝輔,38,静岡,54.0,B1,5.38,31.37,5.24,31.03,29,43.62,84,46.0,1,,,,,,9,,,,,,,5,3963,原田秀弥,43,大阪,56.0,A2,5.67,39.64,5.2,20.0,59,31.37,76,30.0,1,5,,,,,1,1,,,,,,6,4002,古結 宏,45,兵庫,52.0,A1,7.01,58.33,6.95,57.14,31,29.09,78,40.82,2,,,,,,1,2,,,,,
202211010506,ミドルエイジチャンピオン決定戦ＢＯＡＴＢｏｙＣＵＰ,第2日,2022-11-01,ボートレース多摩川,6R,予選,1800,13:06,1,4274,長畑友輔,40,東京,50.0,B1,5.77,39.8,5.22,32.67,25,42.86,36,25.25,6,4,,,,,1,0,,,,,,2,4409,坂元浩仁,36,愛知,56.0,A1,6.66,50.0,6.8,53.85,27,22.0,28,31.31,3,,,,,,1,2,,,,,,3,4216,星 栄爾,37,静岡,53.0,A2,6.53,51.2,6.55,49.09,74,23.42,42,30.3,2,3,,,,,1,1,,,,,,4,4181,花本夏樹,39,三重,55.0,B1,4.69,21.11,4.56,22.22,18,27.72,67,30.39,5,,,,,,1,,,,,,,5,4522,古澤光紀,35,福岡,54.0,A1,6.97,57.52,6.79,42.11,53,38.54,60,37.76,3,4,,,,,,,,,,,,6,3905,天野友和,45,愛知,54.0,B1,5.54,36.45,6.3,50.0,11,48.48,81,35.48,2,5,,,,,2,,,,,,
202211010507,ミドルエイジチャンピオン決定戦ＢＯＡＴＢｏｙＣＵＰ,第2日,2022-11-01,ボートレース多摩川,7R,予選,1800,13:35,1,4918,川島拓郎,33,静岡,53.0,B1,4.51,21.82,4.91,28.57,49,26.85,75,27.96,4,,,,,,2,,,,,,,2,4427,秦 英悟,37,大阪,53.0,A1,6.46,44.12,7.34,44.83,35,30.0,85,33.98,4,3,,,,,1,2,,,,,,3,4543,重木輝彦,34,兵庫,50.0,A2,5.85,42.16,6.36,36.36,52,56.19,55,23.33,2,,,,,,1,1,,,,,,4,3992,関口智久,43,埼玉,54.0,B1,5.5,38.89,5.96,44.44,71,28.0,29,42.0,2,,,,,,3,,,,,,,5,4437,中田元泰,36,香川,55.0,A1,6.72,51.9,6.28,50.0,41,36.36,43,35.0,3,6,,,,,,,,,,,,6,4078,渡辺史之,44,群馬,51.0,B1,4.01,22.12,4.26,17.65,28,23.3,65,37.86,1,6,,,,,,,,,,,
202211010508,ミドルエイジチャンピオン決定戦ＢＯＡＴＢｏｙＣＵＰ,第2日,2022-11-01,ボートレース多摩川,8R,予選,1800,14:05,1,4917,岩橋裕馬,34,兵庫,53.0,B1,3.91,14.0,5.13,25.0,14,29.36,54,33.33,4,,,,,,1,,,,,,,2,4331,三好勇人,39,香川,55.0,B1,5.01,28.72,5.29,28.57,73,35.34,30,42.72,6,5,,,,,2,,,,,,,3,4211,村田 敦,39,東京,58.0,B1,4.5,21.67,4.52,22.95,75,30.19,24,31.0,6,,,,,,3,,,,,,,4,4468,大池佑来,35,東京,51.0,A1,6.59,42.86,6.78,44.59,61,23.85,37,35.29,1,,,,,,1,2,,,,,,5,4049,荒川健太,42,三重,55.0,A1,5.62,38.52,5.72,35.19,38,35.35,63,22.92,4,2,,,,,,,,,,,,6,4109,谷津幸宏,42,埼玉,55.0,A2,6.02,43.64,5.42,37.29,56,32.35,73,18.56,1,,,,,,4,,,,,,
202211010509,ミドルエイジチャンピオン決定戦ＢＯＡＴＢｏｙＣＵＰ,第2日,2022-11-01,ボートレース多摩川,9R,予選特賞,1800,14:36,1,3940,飯山 泰,44,東京,53.0,A2,6.44,46.72,6.57,46.84,23,18.89,22,25.0,5,3,,,,,,,,,,,,2,4360,庄司孝輔,38,静岡,54.0,B1,5.38,31.37,5.24,31.03,29,43.62,84,46.0,1,,,,,,5,,,,,,,3,3957,大谷直弘,45,愛知,54.0,A2,5.7,38.03,5.34,28.75,32,36.19,23,34.95,3,2,,,,,1,,,,,,,4,4031,飯島 誠,44,埼玉,53.0,B1,4.01,20.27,4.53,26.32,34,24.24,56,35.64,4,,,,,,2,,,,,,,5,4511,中岡健人,33,香川,59.0,B1,4.32,21.7,,,46,31.13,44,31.37,4,,,,,,4,,,,,,,6,4085,荻野裕介,42,東京,52.0,A2,5.63,33.7,5.26,34.21,65,27.72,53,28.71,3,6,,,,,,,,,,,
202211010510,ミドルエイジチャンピオン決定戦ＢＯＡＴＢｏｙＣＵＰ,第2日,2022-11-01,ボートレース多摩川,10R,予選特賞,1800,15:09,1,4040,廣瀬将亨,43,兵庫,57.0,A2,5.54,35.96,6.34,51.72,45,28.44,69,23.53,2,,,,,,3,,,,,,,2,4588,田中京介,31,福岡,57.0,A2,5.61,35.96,5.58,31.58,47,21.57,58,33.98,2,4,,,,,5,,,,,,,3,4228,吉田慎二,39,愛知,56.0,B1,5.39,35.16,4.76,32.61,36,33.33,32,19.79,1,,,,,,4,,,,,,,4,4274,長畑友輔,40,東京,50.0,B1,5.77,39.8,5.22,32.67,25,42.86,36,25.25,6,4,,,,,6,,,,,,,5,4037,別府正幸,43,埼玉,56.0,A2,4.17,24.17,6.49,46.34,44,29.66,25,37.25,2,5,,,,,,,,,,,,6,4188,久田敏之,41,群馬,52.0,A1,7.27,57.89,7.96,73.91,33,29.29,70,44.33,3,1,,,,,,,,,,,
202211010511,ミドルエイジチャンピオン決定戦ＢＯＡＴＢｏｙＣＵＰ,第2日,2022-11-01,ボートレース多摩川,11R,予選特選,1800,15:45,1,4460,後藤翔之,36,東京,56.0,A1,6.6,50.0,6.81,51.16,50,35.0,80,32.65,1,5,,,,,,,,,,,,2,4895,門間雄大,31,東京,55.0,B1,3.95,14.86,4.57,20.59,48,38.1,27,30.39,2,,,,,,2,,,,,,,3,3963,原田秀弥,43,大阪,56.0,A2,5.67,39.64,5.2,20.0,59,31.37,76,30.0,1,5,,,,,5,,,,,,,4,4796,春園功太,31,三重,52.0,B1,5.94,41.49,6.43,53.7,62,42.42,34,30.69,1,,,,,,3,,,,,,,5,4216,星 栄爾,37,静岡,53.0,A2,6.53,51.2,6.55,49.09,74,23.42,42,30.3,2,3,,,,,6,,,,,,,6,4543,重木輝彦,34,兵庫,50.0,A2,5.85,42.16,6.36,36.36,52,56.19,55,23.33,2,,,,,,7,,,,,,
202211010512,ミドルエイジチャンピオン決定戦ＢＯＡＴＢｏｙＣＵＰ,第2日,2022-11-01,ボートレース多摩川,12R,ドリーム２ｎ,1800,16:23,1,4427,秦 英悟,37,大阪,53.0,A1,6.46,44.12,7.34,44.83,35,30.0,85,33.98,4,3,,,,,7,,,,,,,2,3966,作間 章,43,東京,52.0,A1,6.82,53.42,6.29,45.45,19,29.13,72,32.35,1,,,,,,4,,,,,,,3,4002,古結 宏,45,兵庫,52.0,A1,7.01,58.33,6.95,57.14,31,29.09,78,40.82,2,,,,,,5,,,,,,,4,4409,坂元浩仁,36,愛知,56.0,A1,6.66,50.0,6.8,53.85,27,22.0,28,31.31,3,,,,,,6,,,,,,,5,4468,大池佑来,35,東京,51.0,A1,6.59,42.86,6.78,44.59,61,23.85,37,35.29,1,,,,,,8,,,,,,,6,4539,金子賢志,32,群馬,53.0,A2,6.8,52.55,5.98,45.45,51,28.97,77,28.57,6,,,,,,3,,,,,,
202211010301,創刊７５周年記念第４６回デイリースポーツ杯,第3日,2022-11-01,ボートレース江戸川,1R,予選,1800,11:01,1,5079,大石真央,24,静岡,43.0,B1,4.69,29.29,4.72,31.91,43,38.54,10,35.58,5,6,6,,,,6,,,,,,,2,3699,富永正人,49,埼玉,55.0,B1,4.74,28.09,5.9,40.78,19,32.67,71,35.24,6,,,,,,4,5,,,,,5,3,3578,塩田雄一,49,香川,52.0,B1,5.15,34.65,3.4,20.0,61,30.3,28,33.98,6,,,,,,6,5,,,,,,4,3463,乙津康志,55,東京,52.0,B1,4.8,29.81,5.09,33.33,22,27.55,19,38.71,4,4,4,,,,1,2,,,,,,5,4694,高田 綾,37,福岡,45.0,B1,4.52,22.22,4.76,21.05,57,26.09,18,29.79,6,,,,,,5,6,,,,,,6,4911,片岡大地,26,東京,51.0,B1,4.02,17.2,4.47,19.12,18,34.95,26,33.68,,,,,,,2,6,,,,,8
202211010302,創刊７５周年記念第４６回デイリースポーツ杯,第3日,2022-11-01,ボートレース江戸川,2R,予選,1800,11:29,1,4068,幸田智裕,42,静岡,54.0,B1,5.06,28.21,5.65,38.82,27,30.11,25,30.69,6,4,5,,,,7,,,,,,,2,3277,齋藤 勇,56,東京,51.0,B1,4.98,31.25,5.71,37.5,34,36.84,67,29.0,2,5,2,,,,6,,,,,,,3,3596,河上年昭,53,埼玉,55.0,B1,5.38,32.26,4.98,27.69,50,38.0,51,37.78,2,3,5,,,,8,,,,,,,4,4467,渡邉俊介,36,愛知,51.0,B1,6.05,48.18,5.38,33.33,30,46.0,33,25.71,4,2,1,,,,9,,,,,,,5,4292,麻生慎介,37,広島,51.0,A1,6.85,53.19,7.38,62.5,38,30.93,21,36.11,5,2,2,,,,1,1,,,,,,6,3934,鋤柄貴俊,45,愛知,53.0,A2,5.24,33.59,5.16,32.65,52,36.08,39,36.54,5,5,2,,,,1,2,,,,,
202211010303,創刊７５周年記念第４６回デイリースポーツ杯,第3日,2022-11-01,ボートレース江戸川,3R,予選,1800,11:57,1,4854,大橋由珠,27,東京,46.0,B1,4.45,21.43,5.24,28.95,58,34.65,35,25.53,3,,,,,,6,6,,,,,,2,3653,品川賢次,49,群馬,54.0,B1,4.35,23.77,5.35,36.05,39,34.26,48,42.11,1,1,1,,,,9,,,,,,,3,3303,渡辺 豊,55,東京,53.0,A2,5.59,35.34,6.03,44.32,36,33.66,22,27.96,2,2,2,,,,1,0,,,,,,4,3973,崎 利仁,46,群馬,53.0,B1,3.9,14.05,5.25,29.81,70,45.54,32,26.32,4,,,,,,3,4,,,,,,5,5174,川井 萌,20,静岡,45.0,B1,4.67,30.95,4.38,25.0,28,28.72,54,27.59,6,5,1,,,,8,,,,,,,6,4604,岩瀬裕亮,34,愛知,53.0,A1,6.91,44.88,6.56,43.75,20,38.38,56,35.16,4,,,,,,2,1,,,,,11
202211010304,創刊７５周年記念第４６回デイリースポーツ杯,第3日,2022-11-01,ボートレース江戸川,4R,予選,1800,12:25,1,3796,長野道臣,49,静岡,54.0,B1,4.96,31.87,5.19,31.48,53,31.96,23,32.65,3,3,4,,,,1,0,,,,,,2,4861,田中宏樹,34,福岡,52.0,B1,4.59,25.0,5.59,37.29,67,23.53,55,35.29,1,,,,,,4,4,,,,,,3,3226,浦田信義,57,東京,51.0,B1,4.56,28.85,5.11,36.26,41,24.75,52,28.71,4,5,2,,,,1,1,,,,,,4,3024,西島義則,61,広島,56.0,A1,7.01,60.14,5.7,40.74,35,36.08,13,35.19,5,2,6,,,,1,2,,,,,,5,4641,磯村 匠,31,東京,50.0,B1,4.85,24.21,5.12,26.03,37,42.57,70,37.74,5,3,5,,,,8,,,,,,,6,3443,森 秋光,53,岡山,53.0,A2,5.25,30.36,7.29,71.43,15,43.3,64,27.88,3,,,,,,1,6,,,,,
202211010305,創刊７５周年記念第４６回デイリースポーツ杯,第3日,2022-11-01,ボートレース江戸川,5R,予選,1800,12:53,1,4491,田中 堅,35,群馬,52.0,B1,4.36,20.91,4.14,18.52,33,28.57,12,33.98,3,4,5,,,,1,0,,,,,,2,4793,金子 萌,32,静岡,52.0,A2,5.99,42.98,6.54,42.25,40,19.39,34,42.86,1,1,3,,,,1,2,,,,,,3,5025,粟田 祥,27,徳島,57.0,B1,3.51,12.68,1.67,,59,29.81,41,30.48,4,,,,,,6,6,,,,,,4,3863,海老澤泰,48,東京,56.0,B1,4.64,24.79,4.96,33.33,45,33.66,57,37.04,2,4,1,,,,9,,,,,,,5,3473,石川真二,52,福岡,52.0,A1,6.66,50.59,6.84,52.27,14,16.67,16,40.4,3,,,,,,1,3,,,,,,6,3699,富永正人,49,埼玉,55.0,B1,4.74,28.09,5.9,40.78,19,32.67,71,35.24,6,,,,,,4,5,,,,,1
202211010306,創刊７５周年記念第４６回デイリースポーツ杯,第3日,2022-11-01,ボートレース江戸川,6R,予選,1800,13:21,1,4791,黒澤めぐ,32,東京,48.0,B1,5.06,32.95,5.24,33.82,21,29.52,40,33.96,2,3,4,,,,1,1,,,,,,2,2014,高塚清一,75,静岡,54.0,B1,4.56,23.6,5.24,28.24,49,34.91,60,37.04,1,5,3,,,,1,0,,,,,,3,3075,中村裕将,60,埼玉,52.0,A2,5.21,36.05,6.31,48.61,17,26.0,11,24.0,1,,,,,,3,3,,,,,,4,5079,大石真央,24,静岡,43.0,B1,4.69,29.29,4.72,31.91,43,38.54,10,35.58,5,6,6,,,,1,,,,,,,5,3277,齋藤 勇,56,東京,51.0,B1,4.98,31.25,5.71,37.5,34,36.84,67,29.0,2,5,2,,,,2,,,,,,,6,4370,山口達也,36,岡山,53.0,A1,6.35,46.15,6.0,46.88,56,38.61,29,44.34,1,5,2,1,,,,,,,,,
202211010307,創刊７５周年記念第４６回デイリースポーツ杯,第3日,2022-11-01,ボートレース江戸川,7R,予選,1800,13:49,1,4811,向井田佑,33,広島,49.0,A2,5.13,30.93,5.75,25.0,26,24.27,24,33.98,2,6,5,,,,1,1,,,,,,2,4269,杉山裕也,37,愛知,52.0,A2,6.27,44.08,7.37,59.26,47,36.19,15,23.91,2,1,6,,,,1,2,,,,,,3,4023,柴田友和,45,福岡,52.0,B1,4.57,23.71,4.34,21.95,11,29.29,61,32.67,,,,,,,5,2,,,,,,4,4068,幸田智裕,42,静岡,54.0,B1,5.06,28.21,5.65,38.82,27,30.11,25,30.69,6,4,5,,,,2,,,,,,,5,3812,山崎聖司,46,東京,51.0,B1,4.6,22.73,4.71,29.5,16,39.81,14,36.73,3,,,,,,1,4,,,,,,6,4093,吉田宗弘,41,東京,50.0,B1,4.6,27.72,5.38,31.4,68,38.83,20,35.51,3,,,,,,3,6,,,,,
202211010308,創刊７５周年記念第４６回デイリースポーツ杯,第3日,2022-11-01,ボートレース江戸川,8R,予選,1800,14:17,1,4641,磯村 匠,31,東京,50.0,B1,4.85,24.21,5.12,26.03,37,42.57,70,37.74,5,3,5,,,,4,,,,,,,2,4911,片岡大地,26,東京,51.0,B1,4.02,17.2,4.47,19.12,18,34.95,26,33.68,,,,,,,2,6,,,,,1,3,5174,川井 萌,20,静岡,45.0,B1,4.67,30.95,4.38,25.0,28,28.72,54,27.59,6,5,1,,,,3,,,,,,,4,3874,山本寛久,46,岡山,52.0,A2,6.49,47.86,6.6,50.0,10,37.25,63,32.04,4,,,,,,5,5,,,,,,5,3596,河上年昭,53,埼玉,55.0,B1,5.38,32.26,4.98,27.69,50,38.0,51,37.78,2,3,5,,,,2,,,,,,,6,3975,小野寺智,45,香川,50.0,A2,5.53,31.25,6.03,44.83,65,31.07,69,34.0,5,,,,,,3,5,,,,,
202211010309,創刊７５周年記念第４６回デイリースポーツ杯,第3日,2022-11-01,ボートレース江戸川,9R,予選特賞,1800,14:45,1,4839,四宮与寛,32,徳島,52.0,A2,5.5,34.75,5.1,40.0,69,38.61,62,38.74,6,,,,,,3,2,,,,,,2,3319,山崎義明,55,埼玉,51.0,A1,5.86,37.01,6.44,47.79,60,44.35,46,31.73,6,,,,,,1,1,,,,,,3,4467,渡邉俊介,36,愛知,51.0,B1,6.05,48.18,5.38,33.33,30,46.0,33,25.71,4,2,1,,,,2,,,,,,,4,3653,品川賢次,49,群馬,54.0,B1,4.35,23.77,5.35,36.05,39,34.26,48,42.11,1,1,1,,,,3,,,,,,,5,4424,松尾昂明,37,福岡,51.0,A1,6.65,53.0,,,54,42.86,47,25.47,6,2,3,3,,,,,,,,,,6,3863,海老澤泰,48,東京,56.0,B1,4.64,24.79,4.96,33.33,45,33.66,57,37.04,2,4,1,,,,5,,,,,,
202211010310,創刊７５周年記念第４６回デイリースポーツ杯,第3日,2022-11-01,ボートレース江戸川,10R,予選特賞,1800,15:14,1,3303,渡辺 豊,55,東京,53.0,A2,5.59,35.34,6.03,44.32,36,33.66,22,27.96,2,2,2,,,,3,,,,,,,2,4335,若林 将,38,東京,54.0,A1,6.58,45.3,6.63,45.33,55,28.87,50,29.29,1,1,2,4,,,,,,,,,,3,4491,田中 堅,35,群馬,52.0,B1,4.36,20.91,4.14,18.52,33,28.57,12,33.98,3,4,5,,,,5,,,,,,,4,2014,高塚清一,75,静岡,54.0,B1,4.56,23.6,5.24,28.24,49,34.91,60,37.04,1,5,3,,,,6,,,,,,,5,3796,長野道臣,49,静岡,54.0,B1,4.96,31.87,5.19,31.48,53,31.96,23,32.65,3,3,4,,,,4,,,,,,,6,4888,金児隆太,35,群馬,52.0,A2,6.53,47.37,3.88,17.65,13,30.0,59,42.16,1,,,,,,4,3,,,,,
202211010311,創刊７５周年記念第４６回デイリースポーツ杯,第3日,2022-11-01,ボートレース江戸川,11R,予選特選,1800,15:44,1,4292,麻生慎介,37,広島,51.0,A1,6.85,53.19,7.38,62.5,38,30.93,21,36.11,5,2,2,,,,2,,,,,,,2,4604,岩瀬裕亮,34,愛知,53.0,A1,6.91,44.88,6.56,43.75,20,38.38,56,35.16,4,,,,,,2,1,,,,,3,3,4811,向井田佑,33,広島,49.0,A2,5.13,30.93,5.75,25.0,26,24.27,24,33.98,2,6,5,,,,7,,,,,,,4,4506,稗田聖也,34,福岡,53.0,A2,5.6,40.41,6.28,48.0,64,43.43,66,42.42,4,,,,,,2,4,,,,,,5,4791,黒澤めぐ,32,東京,48.0,B1,5.06,32.95,5.24,33.82,21,29.52,40,33.96,2,3,4,,,,6,,,,,,,6,3226,浦田信義,57,東京,51.0,B1,4.56,28.85,5.11,36.26,41,24.75,52,28.71,4,5,2,,,,4,,,,,,
202211010312,創刊７５周年記念第４６回デイリースポーツ杯,第3日,2022-11-01,ボートレース江戸川,12R,記者選抜戦,1800,16:15,1,3024,西島義則,61,広島,56.0,A1,7.01,60.14,5.7,40.74,35,36.08,13,35.19,5,2,6,,,,4,,,,,,,2,3934,鋤柄貴俊,45,愛知,53.0,A2,5.24,33.59,5.16,32.65,52,36.08,39,36.54,5,5,2,,,,2,,,,,,,3,3569,増田 進,51,東京,54.0,B1,4.85,24.65,5.27,32.81,12,34.69,58,21.69,3,,,,,,1,4,,,,,,4,4793,金子 萌,32,静岡,52.0,A2,5.99,42.98,6.54,42.25,40,19.39,34,42.86,1,1,3,,,,5,,,,,,,5,3463,乙津康志,55,東京,52.0,B1,4.8,29.81,5.09,33.33,22,27.55,19,38.71,4,4,4,,,,1,,,,,,,6,4269,杉山裕也,37,愛知,52.0,A2,6.27,44.08,7.37,59.26,47,36.19,15,23.91,2,1,6,,,,7,,,,,,
202211010101,バスケで群馬を熱くする群馬クレインサンダーズカップ,第4日,2022-11-01,ボートレース桐生,1R,一般,1800,15:32,1,4389,伊藤喜智,37,大阪,52.0,B1,4.34,22.11,4.21,21.05,21,36.47,63,35.71,4,,,,,,6,5,5,,,,,2,3951,石川吉鎬,46,大阪,56.0,A2,5.67,34.71,6.2,50.0,13,30.29,17,32.08,4,3,5,4,4,,,,,,,,,3,3604,武藤綾子,52,福岡,49.0,B1,5.08,23.68,3.78,,69,35.42,32,36.32,6,,,,,,2,5,6,,,,6,4,5051,松本純平,27,埼玉,55.0,B1,6.12,42.27,4.97,30.56,36,58.08,26,42.45,5,6,3,,,,3,,,,,,5,5,4058,野末智一,43,静岡,52.0,B1,5.08,30.77,4.53,26.67,37,30.73,39,32.51,3,5,6,,,,1,,,,,,7,6,4399,松本晶恵,35,群馬,46.0,A2,6.68,51.67,7.51,67.39,39,45.23,55,34.6,6,3,6,2,1,,,,,,,,
202211010102,バスケで群馬を熱くする群馬クレインサンダーズカップ,第4日,2022-11-01,ボートレース桐生,2R,一般,1800,16:00,1,3630,黒田誠司,52,静岡,55.0,B1,3.83,16.28,3.17,8.7,74,41.67,62,43.72,6,,,,,,2,5,5,,,,12,2,4594,谷川祐一,40,滋賀,52.0,A2,6.05,42.31,6.25,37.5,60,39.9,11,35.24,5,2,1,,,,1,5,,,,,9,3,4729,佐藤謙史,33,福岡,56.0,B1,4.3,21.69,3.88,12.5,51,37.78,44,32.08,5,5,6,,,,5,,,,,,8,4,3718,伊達正利,47,静岡,56.0,B1,4.63,30.97,5.36,36.0,45,30.81,24,34.31,4,,,,,,4,1,4,,,,6,5,3613,角谷健吾,49,東京,51.0,A1,6.72,48.99,6.9,52.56,30,36.5,59,31.07,1,1,4,2,5,,1,1,,,,,,6,4036,金田 諭,43,埼玉,52.0,A1,5.9,43.75,6.74,45.61,41,36.81,51,35.92,1,2,2,2,1,,1,0,,,,,
202211010103,バスケで群馬を熱くする群馬クレインサンダーズカップ,第4日,2022-11-01,ボートレース桐生,3R,一般,1800,16:28,1,4925,森 悠稀,29,兵庫,53.0,B1,4.84,30.83,4.17,33.33,28,36.05,43,33.33,2,,,,,,3,,,,,,32,2,4225,土屋千明,40,群馬,46.0,B1,4.04,17.65,5.24,38.24,55,32.96,58,31.75,3,4,3,,,,1,,,,,,11,3,3988,古川誠之,44,愛知,55.0,A2,5.89,42.11,5.77,44.64,20,45.75,18,45.33,2,2,4,6,1,,9,,,,,,,4,3647,伊藤雄二,50,埼玉,50.0,B1,4.09,16.83,4.46,18.57,23,33.92,25,32.09,4,,,,,,4,,,,,,24,5,3550,都築正治,51,愛知,54.0,A1,4.89,30.77,4.87,32.69,14,40.37,33,27.36,4,5,1,5,5,,,,,,,,,6,3538,菊池峰晴,54,群馬,53.0,A2,5.24,30.0,5.74,34.62,67,40.55,21,35.0,1,,,,,,5,2,5,4,,,
202211010104,バスケで群馬を熱くする群馬クレインサンダーズカップ,第4日,2022-11-01,ボートレース桐生,4R,一般,1800,16:55,1,4229,市川美宏,39,静岡,52.0,B1,5.13,32.14,5.11,25.53,66,34.85,27,32.21,4,,,,,,6,5,2,,,,12,2,3563,堤 昇,52,静岡,53.0,B1,5.7,41.8,6.95,56.41,46,40.38,13,35.27,1,5,4,,,,3,1,,,,,9,3,4761,山田晃大,32,滋賀,53.0,B1,5.25,31.58,4.85,33.96,65,33.04,38,32.0,2,6,1,,,,2,5,,,,,11,4,3122,高山哲也,60,兵庫,55.0,B1,3.85,17.71,5.1,30.0,12,29.55,50,36.15,3,,,,,,4,,,,,,66,5,4140,梶野学志,41,東京,53.0,A1,6.45,46.0,6.51,51.76,48,40.12,46,29.72,1,5,3,3,3,,1,0,,,,,,6,4366,前沢丈史,37,東京,56.0,A1,6.27,44.67,6.62,46.15,25,34.4,70,42.65,5,3,1,2,2,,9,,,,,,
202211010105,バスケで群馬を熱くする群馬クレインサンダーズカップ,第4日,2022-11-01,ボートレース桐生,5R,一般,1800,17:23,1,5051,松本純平,27,埼玉,55.0,B1,6.12,42.27,4.97,30.56,36,58.08,26,42.45,5,6,3,,,,3,,,,,,1,2,3947,寺本昇平,46,群馬,49.0,B1,5.11,31.03,5.46,37.2,11,39.43,14,37.85,3,3,3,,,,2,,,,,,9,3,3579,中里優子,49,埼玉,47.0,A2,6.5,49.3,6.38,46.67,62,32.75,40,38.39,3,1,3,5,3,,1,0,,,,,,4,3256,三角哲男,55,東京,50.0,A1,6.73,50.0,6.97,66.67,56,30.94,72,32.08,1,1,4,6,1,,1,1,,,,,,5,4892,柴田直哉,32,福岡,53.0,A2,5.76,39.87,4.5,22.22,61,39.0,75,29.76,6,6,1,,,,4,3,,,,,,6,3885,久田 武,48,愛知,53.0,A2,5.71,41.55,5.62,32.08,17,26.82,74,29.17,3,,,,,,3,3,1,2,,,9
202211010106,バスケで群馬を熱くする群馬クレインサンダーズカップ,第4日,2022-11-01,ボートレース桐生,6R,ドラドキ目玉,1800,17:52,1,3999,大瀧明日,43,愛知,45.0,A1,6.13,43.86,5.46,35.14,71,32.43,52,33.18,3,2,2,1,4,,1,0,,,,,,2,3604,武藤綾子,52,福岡,49.0,B1,5.08,23.68,3.78,,69,35.42,32,36.32,6,,,,,,2,5,6,,,,1,3,4380,鈴木峻佑,38,静岡,52.0,B1,4.37,21.5,4.58,26.92,26,38.26,29,32.72,1,1,6,,,,3,4,,,,,11,4,5161,登玉隼百,23,兵庫,52.0,B1,4.41,21.11,1.89,,34,30.88,12,37.74,6,,,,,,4,,,,,,46,5,3718,伊達正利,47,静岡,56.0,B1,4.63,30.97,5.36,36.0,45,30.81,24,34.31,4,,,,,,4,1,4,,,,2,6,5065,伊久間陽,24,群馬,52.0,B1,4.58,28.41,4.09,25.78,58,32.41,49,42.99,5,,,,,,4,1,3,,,,12
202211010107,バスケで群馬を熱くする群馬クレインサンダーズカップ,第4日,2022-11-01,ボートレース桐生,7R,ドラドキ３,1800,18:20,1,4512,高野哲史,33,兵庫,51.0,A1,6.83,54.42,6.26,33.33,16,38.3,35,29.95,3,4,2,5,2,,1,0,,,,,,2,4058,野末智一,43,静岡,52.0,B1,5.08,30.77,4.53,26.67,37,30.73,39,32.51,3,5,6,,,,1,,,,,,1,3,3853,岩崎正哉,50,福岡,56.0,A2,6.29,47.14,4.71,28.57,70,34.69,20,38.35,2,4,5,4,1,,1,2,,,,,,4,5147,田中勇輔,28,埼玉,51.0,B1,3.19,11.11,1.84,3.92,44,33.77,60,34.29,6,,,,,,6,,,,,,66,5,5194,大久保佑,21,埼玉,45.0,B1,3.2,10.17,2.89,11.11,31,37.07,30,38.89,6,,,,,,6,,,,,,53,6,4615,板倉敦史,42,東京,53.0,B1,4.79,27.59,4.73,27.27,15,37.37,23,29.76,4,,,,,,2,1,4,4,,,
202211010108,バスケで群馬を熱くする群馬クレインサンダーズカップ,第4日,2022-11-01,ボートレース桐生,8R,ドラドキ５,1800,18:49,1,3898,平田忠則,45,福岡,55.0,A1,6.67,50.0,,,24,37.98,68,37.33,2,6,4,1,5,,,,,,,,,2,3122,高山哲也,60,兵庫,55.0,B1,3.85,17.71,5.1,30.0,12,29.55,50,36.15,3,,,,,,4,,,,,,66,3,5164,森田梨湖,22,福岡,47.0,B2,1.73,4.17,1.57,,32,39.73,34,39.61,6,,,,,,6,,,,,,63,4,4729,佐藤謙史,33,福岡,56.0,B1,4.3,21.69,3.88,12.5,51,37.78,44,32.08,5,5,6,,,,5,,,,,,2,5,4230,濱崎直矢,39,埼玉,55.0,A1,6.2,48.35,6.73,51.43,64,29.63,53,33.8,2,2,1,1,2,,1,1,,,,,,6,4258,関根彰人,38,埼玉,51.0,B1,4.48,19.15,4.54,21.05,59,31.28,47,37.68,4,,,,,,5,3,2,,,,12
202211010109,バスケで群馬を熱くする群馬クレインサンダーズカップ,第4日,2022-11-01,ボートレース桐生,9R,準優勝戦,1800,19:19,1,4366,前沢丈史,37,東京,56.0,A1,6.27,44.67,6.62,46.15,25,34.4,70,42.65,5,3,1,2,2,,4,,,,,,,2,3885,久田 武,48,愛知,53.0,A2,5.71,41.55,5.62,32.08,17,26.82,74,29.17,3,,,,,,3,3,1,2,,,5,3,4594,谷川祐一,40,滋賀,52.0,A2,6.05,42.31,6.25,37.5,60,39.9,11,35.24,5,2,1,,,,1,5,,,,,2,4,3563,堤 昇,52,静岡,53.0,B1,5.7,41.8,6.95,56.41,46,40.38,13,35.27,1,5,4,,,,3,1,,,,,4,5,3947,寺本昇平,46,群馬,49.0,B1,5.11,31.03,5.46,37.2,11,39.43,14,37.85,3,3,3,,,,2,,,,,,5,6,3988,古川誠之,44,愛知,55.0,A2,5.89,42.11,5.77,44.64,20,45.75,18,45.33,2,2,4,6,1,,3,,,,,,
202211010110,バスケで群馬を熱くする群馬クレインサンダーズカップ,第4日,2022-11-01,ボートレース桐生,10R,準優勝戦,1800,19:49,1,4036,金田 諭,43,埼玉,52.0,A1,5.9,43.75,6.74,45.61,41,36.81,51,35.92,1,2,2,2,1,,2,,,,,,,2,3999,大瀧明日,43,愛知,45.0,A1,6.13,43.86,5.46,35.14,71,32.43,52,33.18,3,2,2,1,4,,6,,,,,,,3,4925,森 悠稀,29,兵庫,53.0,B1,4.84,30.83,4.17,33.33,28,36.05,43,33.33,2,,,,,,3,,,,,,32,4,4140,梶野学志,41,東京,53.0,A1,6.45,46.0,6.51,51.76,48,40.12,46,29.72,1,5,3,3,3,,4,,,,,,,5,3579,中里優子,49,埼玉,47.0,A2,6.5,49.3,6.38,46.67,62,32.75,40,38.39,3,1,3,5,3,,5,,,,,,,6,4512,高野哲史,33,兵庫,51.0,A1,6.83,54.42,6.26,33.33,16,38.3,35,29.95,3,4,2,5,2,,7,,,,,,
202211010111,バスケで群馬を熱くする群馬クレインサンダーズカップ,第4日,2022-11-01,ボートレース桐生,11R,準優勝戦,1800,20:18,1,4230,濱崎直矢,39,埼玉,55.0,A1,6.2,48.35,6.73,51.43,64,29.63,53,33.8,2,2,1,1,2,,8,,,,,,,2,3256,三角哲男,55,東京,50.0,A1,6.73,50.0,6.97,66.67,56,30.94,72,32.08,1,1,4,6,1,,5,,,,,,,3,3613,角谷健吾,49,東京,51.0,A1,6.72,48.99,6.9,52.56,30,36.5,59,31.07,1,1,4,2,5,,2,,,,,,,4,4225,土屋千明,40,群馬,46.0,B1,4.04,17.65,5.24,38.24,55,32.96,58,31.75,3,4,3,,,,1,,,,,,3,5,4380,鈴木峻佑,38,静岡,52.0,B1,4.37,21.5,4.58,26.92,26,38.26,29,32.72,1,1,6,,,,3,4,,,,,6,6,4761,山田晃大,32,滋賀,53.0,B1,5.25,31.58,4.85,33.96,65,33.04,38,32.0,2,6,1,,,,2,5,,,,,4
202211010112,バスケで群馬を熱くする群馬クレインサンダーズカップ,第4日,2022-11-01,ボートレース桐生,12R,一般特賞,1800,20:45,1,4258,関根彰人,38,埼玉,51.0,B1,4.48,19.15,4.54,21.05,59,31.28,47,37.68,4,,,,,,5,3,2,,,,8,2,3647,伊藤雄二,50,埼玉,50.0,B1,4.09,16.83,4.46,18.57,23,33.92,25,32.09,4,,,,,,4,,,,,,24,3,5065,伊久間陽,24,群馬,52.0,B1,4.58,28.41,4.09,25.78,58,32.41,49,42.99,5,,,,,,4,1,3,,,,6,4,4229,市川美宏,39,静岡,52.0,B1,5.13,32.14,5.11,25.53,66,34.85,27,32.21,4,,,,,,6,5,2,,,,4,5,3853,岩崎正哉,50,福岡,56.0,A2,6.29,47.14,4.71,28.57,70,34.69,20,38.35,2,4,5,4,1,,7,,,,,,,6,3630,黒田誠司,52,静岡,55.0,B1,3.83,16.28,3.17,8.7,74,41.67,62,43.72,6,,,,,,2,5,5,,,,2
