レースコード,タイトル,日次,レース日,レース場,レース回,レース名,距離(m),天候,風向,風速(m),波の高さ(cm),決まり手,単勝_艇番,単勝_払戻金,複勝_1着_艇番,複勝_1着_払戻金,複勝_2着_艇番,複勝_2着_払戻金,2連単_組番,2連単_払戻金,2連単_人気,2連複_組番,2連複_払戻金,2連複_人気,拡連複_1-2着_組番,拡連複_1-2着_払戻金,拡連複_1-2着_人気,拡連複_1-3着_組番,拡連複_1-3着_払戻金,拡連複_1-3着_人気,拡連複_2-3着_組番,拡連複_2-3着_払戻金,拡連複_2-3着_人気,3連単_組番,3連単_払戻金,3連単_人気,3連複_組番,3連複_払戻金,3連複_人気,1着_着順,1着_艇番,1着_登録番号,1着_選手名,1着_モーター番号,1着_ボート番号,1着_展示タイム,1着_進入コース,1着_スタートタイミング,1着_レースタイム,2着_着順,2着_艇番,2着_登録番号,2着_選手名,2着_モーター番号,2着_ボート番号,2着_展示タイム,2着_進入コース,2着_スタートタイミング,2着_レースタイム,3着_着順,3着_艇番,3着_登録番号,3着_選手名,3着_モーター番号,3着_ボート番号,3着_展示タイム,3着_進入コース,3着_スタートタイミング,3着_レースタイム,4着_着順,4着_艇番,4着_登録番号,4着_選手名,4着_モーター番号,4着_ボート番号,4着_展示タイム,4着_進入コース,4着_スタートタイミング,4着_レースタイム,5着_着順,5着_艇番,5着_登録番号,5着_選手名,5着_モーター番号,5着_ボート番号,5着_展示タイム,5着_進入コース,5着_スタートタイミング,5着_レースタイム,6着_着順,6着_艇番,6着_登録番号,6着_選手名,6着_モーター番号,6着_ボート番号,6着_展示タイム,6着_進入コース,6着_スタートタイミング,6着_レースタイム
131,一般戦☆　　                 H1800m  曇り  風  東　　 3m  波　  3cm,,2025-12-24,大村,01R,,,,,,,,,,,,,,,,,,,,,,,,,,,,,,,,,,,1,4,3637,齋 藤 和 政,20,12,7.03,4,0.11,,2,2,3880,浅 見 宗 孝,26,30,6.95,2,0.09,,3,5,4724,吉 田 祐 貴,59,59,6.92,5,0.13,,4,1,2538,高 橋 二 朗,48,46,7.0,1,0.04,,5,6,5407,中 岡 駿 41,41,34,6.96,6,0.23,,6,3,4106,坂 井 康 嗣 37,37,48,7.03,3,0.09,
132,一般戦☆　　                 H1800m  曇り  風  東　　 2m  波　  2cm,,2025-12-24,大村,02R,,,,,,,,,,,,,,,,,,,,,,,,,,,,,,,,,,,1,2,3910,松 下 知 幸,56,68,7.0,2,0.15,,2,6,5348,小 林 甘 寧,31,23,6.9,6,0.27,,3,3,4440,萩 原 知 哉,40,24,6.95,3,0.16,,4,4,3401,上 田 隆 章,15,26,7.06,4,0.21,,5,1,5308,藤 森 拓 海 1,1,63,7.03,1,0.27,,6,5,4346,前 田 健太郎 55,55,45,7.01,5,0.16,
133,一般戦☆　　                 H1800m  曇り  風  北東　 3m  波　  3cm,,2025-12-24,大村,03R,,,,,,,,,,,,,,,,,,,,,,,,,,,,,,,,,,,1,1,3660,長谷川 親 王,18,58,6.96,1,0.08,,2,3,5002,上 田 健 太,12,60,6.95,3,0.08,,3,2,4977,馬 野 耀,28,52,6.96,2,0.11,,4,6,4084,杉 山 正 樹,49,55,6.89,6,0.18,,5,5,4271,川 崎 公 靖 39,39,73,6.94,5,0.14,,6,4,4360,庄 司 孝 輔 34,34,67,6.85,4,0.11,
134,一般戦☆　　                 H1800m  曇り  風  北東　 3m  波　  3cm,,2025-12-24,大村,04R,,,,,,,,,,,,,,,,,,,,,,,,,,,,,,,,,,,1,2,4540,相 原 利 章,23,47,6.92,2,0.07,,2,5,5051,松 本 純 平,42,31,6.92,5,0.15,,3,6,4659,木 下 翔 太,8,74,6.95,6,0.2,,4,3,4253,西 川 真 人,45,71,6.99,3,0.16,,5,1,4989,石 原 翼 44,44,14,6.87,1,0.21,,6,4,4111,奥 田 誠 10,10,44,7.0,4,0.16,
135,進入固定戦隊  進入固定       H1800m  曇り  風  北東　 3m  波　  3cm,,2025-12-24,大村,05R,,,,,,,,,,,,,,,,,,,,,,,,,,,,,,,,,,,1,1,4933,板 橋 侑 我,52,33,7.03,1,0.09,,2,2,5093,浦 野 海,6,21,7.02,2,0.07,,3,3,4618,乃 村 康 友,32,37,7.01,3,0.12,,4,4,4579,中 嶋 健一郎,14,28,6.98,4,0.15,,5,5,5299,西 丸 敦 基 16,16,25,7.0,5,0.17,,6,6,5426,甲 斐 貴 大 27,27,40,7.01,6,0.05,
136,一般戦☆　　                 H1800m  雨　  風  北東　 2m  波　  2cm,,2025-12-24,大村,06R,,,,,,,,,,,,,,,,,,,,,,,,,,,,,,,,,,,1,4,4467,渡 邉 俊 介,46,38,6.91,4,0.09,,2,2,3566,川 添 英 正,53,16,6.97,2,0.25,,3,1,4363,大 野 芳 顕,60,49,6.95,1,0.18,,4,5,5407,中 岡 駿,41,34,6.93,6,0.21,,5,3,3761,山 本 光 雄 11,11,39,7.01,3,0.24,,6,6,4168,石 野 貴 之 47,47,70,6.97,5,0.21,
137,一般戦☆　　                 H1800m  雨　  風  北東　 2m  波　  2cm,,2025-12-24,大村,07R,,,,,,,,,,,,,,,,,,,,,,,,,,,,,,,,,,,1,1,4228,吉 田 慎二郎,43,20,6.9,1,0.22,,2,2,4271,川 崎 公 靖,39,73,6.91,2,0.21,,3,3,4983,前 田 篤 哉,29,27,6.91,3,0.18,,4,5,5348,小 林 甘 寧,31,23,6.88,5,0.35,,5,4,3964,宮 地 博 士 5,5,66,6.9,4,0.33,,6,6,3606,川 北 浩 貴 4,4,69,6.91,6,0.25,
138,エイトビート                 H1800m  雨　  風  北東　 1m  波　  1cm,,2025-12-24,大村,08R,,,,,,,,,,,,,,,,,,,,,,,,,,,,,,,,,,,1,4,3615,横 田 茂,62,35,6.92,4,0.12,,2,1,4521,小 池 公 生,17,56,6.93,1,0.14,,3,3,3489,大 場 敏,24,41,6.95,3,0.13,,4,6,5309,森 雄 利,13,13,6.85,6,0.19,,5,5,4440,萩 原 知 哉 40,40,24,6.94,5,0.21,,6,2,4150,山 田 雄 太 38,38,42,6.87,2,0.12,
139,準優勝戦☆　                 H1800m  曇り  風  北東　 2m  波　  2cm,,2025-12-24,大村,09R,,,,,,,,,,,,,,,,,,,,,,,,,,,,,,,,,,,1,1,4084,杉 山 正 樹,49,55,6.91,1,0.08,,2,2,5051,松 本 純 平,42,31,6.85,2,0.06,,3,4,4933,板 橋 侑 我,52,33,6.96,4,0.11,,4,5,4977,馬 野 耀,28,52,6.9,5,0.18,,5,3,4579,中 嶋 健一郎 14,14,28,6.93,3,0.07,,6,6,4989,石 原 翼 44,44,14,6.84,6,0.25,
1310,R       準優勝戦☆　                 H1800m  雨　  風  北東　 2m  波　  2cm,,2025-12-24,大村,10R,,,,,,,,,,,,,,,,,,,,,,,,,,,,,,,,,,,1,1,4168,石 野 貴 之,47,70,6.87,1,0.13,,2,3,4360,庄 司 孝 輔,34,67,6.85,3,0.21,,3,2,4659,木 下 翔 太,8,74,6.89,2,0.14,,4,4,5002,上 田 健 太,12,60,6.94,4,0.06,,5,5,5093,浦 野 海 6,6,21,6.99,5,0.06,,6,6,4363,大 野 芳 顕 60,60,49,6.86,6,0.11,
1311,R       準優勝戦☆　                 H1800m  雨　  風  北東　 2m  波　  2cm,,2025-12-24,大村,11R,,,,,,,,,,,,,,,,,,,,,,,,,,,,,,,,,,,1,1,4983,前 田 篤 哉,29,27,6.85,1,0.15,,2,3,4467,渡 邉 俊 介,46,38,6.85,3,0.11,,3,4,4618,乃 村 康 友,32,37,6.93,4,0.14,,4,6,4540,相 原 利 章,23,47,6.85,6,0.12,,5,5,3566,川 添 英 正 53,53,16,6.92,5,0.14,,6,2,4228,吉 田 慎二郎 43,43,20,6.81,2,0.14,
1312,R       一般戦☆　　                 H1800m  雨　  風  北東　 1m  波　  1cm,,2025-12-24,大村,12R,,,,,,,,,,,,,,,,,,,,,,,,,,,,,,,,,,,1,1,4150,山 田 雄 太,38,64,6.91,1,0.13,,2,3,4111,奥 田 誠,10,44,6.94,3,0.14,,3,2,4346,前 田 健太郎,55,45,6.96,2,0.14,,4,6,3489,大 場 敏,24,41,6.97,6,0.19,,5,4,3606,川 北 浩 貴 4,4,69,6.87,4,0.19,,6,5,5308,藤 森 拓 海 1,1,63,6.97,5,0.19,
131,一般　　　　                 H1800m  雨　  風  南　　 2m  波　  2cm,,2025-12-24,大村,01R,,,,,,,,,,,,,,,,,,,,,,,,,,,,,,,,,,,1,2,4068,幸 田 智 裕,20,47,6.81,2,0.17,,2,3,4594,谷 川 祐 一,16,56,6.81,3,0.16,,3,5,4844,村 上 奈 穂,64,41,6.74,5,0.18,,4,1,3458,東 健 介,45,59,6.81,1,0.21,,5,4,4952,吉 武 真 也 69,69,44,6.8,4,0.24,,6,6,5435,中 西 月 輝 15,15,54,6.83,6,0.15,
132,一般　　　　                 H1800m  曇り  風  西　　 1m  波　  1cm,,2025-12-24,大村,02R,,,,,,,,,,,,,,,,,,,,,,,,,,,,,,,,,,,1,1,4331,三 好 勇 人,18,21,6.76,1,0.16,,2,3,4035,杉 江 浩 明,53,18,6.76,3,0.21,,3,5,3442,宮 武 英 司,13,58,6.77,5,0.14,,4,6,4108,吉 村 正 明,21,31,6.78,6,0.14,,5,4,4846,佐 藤 駿 介 46,46,35,6.77,4,0.11,,6,2,3357,福 島 陽 子 35,35,53,6.72,2,0.23,
133,一般　　　　                 H1800m  曇り  風  南西　 1m  波　  1cm,,2025-12-24,大村,03R,,,,,,,,,,,,,,,,,,,,,,,,,,,,,,,,,,,1,1,5106,山 崎 祥,56,33,6.7,1,0.23,,2,2,4058,野 末 智 一,39,65,6.72,2,0.18,,3,3,4819,蜂 須 瑞 生,44,66,6.77,3,0.15,,4,4,5035,櫻 井 優,48,52,6.74,4,0.15,,5,6,4062,後 藤 陽 介 50,50,42,6.81,5,0.18,,6,5,5442,池 田 美 優 28,28,39,6.76,6,0.17,
134,一般　　　　                 H1800m  曇り  風  南西　 1m  波　  1cm,,2025-12-24,大村,04R,,,,,,,,,,,,,,,,,,,,,,,,,,,,,,,,,,,1,1,3956,横 澤 剛 治,30,67,6.78,1,0.21,,2,6,4601,森 野 正 弘,58,72,6.84,6,0.11,,3,2,4638,小 林 遼 太,67,32,6.84,2,0.19,,4,3,4950,高 岡 竜 也,37,17,6.82,3,0.18,,5,4,3589,西 村 勝 33,33,24,6.85,4,0.15,,6,5,3945,橋 口 真 樹 68,68,68,6.8,5,0.26,
135,シーモ　戦　                 H1800m  雨　  風  南西　 1m  波　  1cm,,2025-12-24,大村,05R,,,,,,,,,,,,,,,,,,,,,,,,,,,,,,,,,,,1,1,4522,古 澤 光 紀,73,12,6.8,1,0.06,,2,3,5045,平 川 香 織,62,29,6.78,3,0.13,,3,4,4193,郷 原 章 平,57,62,6.81,4,0.1,,4,6,3963,原 田 秀 弥,36,34,6.83,6,0.13,,5,2,4173,岡 谷 健 吾 66,66,13,6.84,2,0.18,,6,5,5211,高 井 駿 弥 63,63,16,6.9,5,0.07,
136,一般　　　　                 H1800m  雨　  風  北東　 2m  波　  2cm,,2025-12-24,大村,06R,,,,,,,,,,,,,,,,,,,,,,,,,,,,,,,,,,,1,1,4225,土 屋 千 明,11,63,6.77,1,0.16,,2,2,3442,宮 武 英 司,13,58,6.76,2,0.13,,3,4,4076,杉 田 篤 光,60,37,6.84,4,0.16,,4,3,5157,市 川 健 太,70,73,6.8,3,0.13,,5,6,3746,岡 瀬 正 人 22,22,71,6.83,5,0.19,,6,5,5435,中 西 月 輝 15,15,54,6.9,6,0.14,
137,ふく〜る　戦                 H1800m  雨　  風  北　　 1m  波　  1cm,,2025-12-24,大村,07R,,,,,,,,,,,,,,,,,,,,,,,,,,,,,,,,,,,1,1,3621,天 野 晶 夫,40,28,6.8,1,0.15,,2,5,3872,岡 田 憲 行,24,69,6.93,5,0.19,,3,4,3357,福 島 陽 子,35,53,6.84,4,0.16,,4,6,3458,東 健 介,45,59,6.91,6,0.22,,5,2,4844,村 上 奈 穂 64,64,41,6.78,2,0.24,,6,3,4062,後 藤 陽 介 50,50,42,6.86,3,0.22,
138,一般　　　　  進入固定       H1800m  雨　  風  北東　 2m  波　  2cm,,2025-12-24,大村,08R,,,,,,,,,,,,,,,,,,,,,,,,,,,,,,,,,,,1,3,4108,吉 村 正 明,21,31,6.89,3,0.08,,2,1,4518,大須賀 友,25,48,6.76,1,0.09,,3,4,5317,長 尾 萌 加,54,14,6.85,4,0.1,,4,5,4068,幸 田 智 裕,20,47,6.84,5,0.19,,5,2,3945,橋 口 真 樹 68,68,68,6.79,2,0.15,,6,6,5442,池 田 美 優 28,28,39,6.82,6,0.15,
139,シーモ特選　                 H1800m  雨　  風  東　　 1m  波　  1cm,,2025-12-24,大村,09R,,,,,,,,,,,,,,,,,,,,,,,,,,,,,,,,,,,1,1,4601,森 野 正 弘,58,72,6.72,1,0.12,,2,5,4058,野 末 智 一,39,65,6.75,5,0.17,,3,2,3963,原 田 秀 弥,36,34,6.78,2,0.11,,4,3,4892,柴 田 直 哉,32,49,6.82,3,0.11,,5,6,4331,三 好 勇 人 18,18,21,6.82,6,0.16,,6,4,4811,向井田 佑 紀 17,17,46,6.83,4,0.19,
1310,R       選抜戦　　　                 H1800m  雨　  風  北東　 2m  波　  2cm,,2025-12-24,大村,10R,,,,,,,,,,,,,,,,,,,,,,,,,,,,,,,,,,,1,3,3956,横 澤 剛 治,30,67,6.81,3,0.16,,2,2,4193,郷 原 章 平,57,62,6.74,2,0.14,,3,4,4225,土 屋 千 明,11,63,6.73,4,0.15,,4,6,4522,古 澤 光 紀,73,12,6.83,6,0.14,,5,5,4594,谷 川 祐 一 16,16,56,6.81,5,0.14,,6,1,3746,岡 瀬 正 人 22,22,71,6.79,1,0.21,
1311,R       選抜戦　　　                 H1800m  雨　  風  北東　 2m  波　  2cm,,2025-12-24,大村,11R,,,,,,,,,,,,,,,,,,,,,,,,,,,,,,,,,,,1,1,3872,岡 田 憲 行,24,69,6.89,1,0.23,,2,2,5106,山 崎 祥,56,33,6.79,2,0.24,,3,3,4076,杉 田 篤 光,60,37,6.87,3,0.29,,4,4,3621,天 野 晶 夫,40,28,6.84,4,0.21,,5,6,4518,大須賀 友 25,25,48,6.83,6,0.26,,6,5,4638,小 林 遼 太 67,67,32,6.83,5,0.28,
1312,R       優勝戦　　　                 H1800m  曇り  風  南西　 1m  波　  1cm,,2025-12-24,大村,12R,,,,,,,,,,,,,,,,,,,,,,,,,,,,,,,,,,,1,1,4080,山 崎 哲 司,12,20,6.78,1,0.19,,2,3,5145,島 川 海 輝,49,26,6.78,3,0.2,,3,2,4398,船 岡 洋一郎,27,55,6.79,2,0.17,,4,6,4050,田 口 節 子,38,64,6.76,6,0.17,,5,4,4171,榎 幸 司 72,72,19,6.85,4,0.27,,6,5,3944,山 口 裕 二 41,41,23,6.81,5,0.17,
131,朝トク予選　                 H1800m  雨　  風  北　　 3m  波　  3cm,,2025-12-24,大村,01R,,,,,,,,,,,,,,,,,,,,,,,,,,,,,,,,,,,1,1,4624,高 田 明,64,28,6.87,1,0.2,,2,4,4148,枝 尾 賢,44,30,6.91,4,0.22,,3,2,3875,廣 中 良 一,68,52,6.91,2,0.29,,4,6,5143,常 盤 海 心,11,16,6.9,6,0.32,,5,3,3906,飯 山 晃 三 75,75,33,6.99,3,0.26,,6,5,3604,武 藤 綾 子 62,62,74,6.96,5,0.27,
132,狙いトク特選                 H1800m  雨　  風  北西　 3m  波　  3cm,,2025-12-24,大村,02R,,,,,,,,,,,,,,,,,,,,,,,,,,,,,,,,,,,1,4,4236,松 村 敏,67,68,6.91,4,0.14,,2,1,5016,宮 田 龍 馬,41,63,6.88,1,0.15,,3,2,3731,高 濱 芳 久,65,58,6.87,2,0.22,,4,6,4487,三 原 司,38,57,6.91,6,0.26,,5,5,3527,中 嶋 誠一郎 49,49,42,6.9,5,0.19,,6,3,4936,戸 敷 晃 美 60,60,60,6.94,3,0.13,
133,決めトク予選                 H1800m  雨　  風  北東　 2m  波　  2cm,,2025-12-24,大村,03R,,,,,,,,,,,,,,,,,,,,,,,,,,,,,,,,,,,1,4,4879,山 崎 鉄 平,56,53,6.94,4,0.12,,2,2,3920,正 木 聖 賢,74,71,6.91,2,0.12,,3,6,3576,白 水 勝 也,37,13,6.88,6,0.23,,4,5,4390,松 本 弓 雄,34,14,6.97,5,0.39,,5,3,4045,佐々木 裕 美 36,36,48,6.85,3,0.1,,6,1,4607,鶴 田 勇 雄 57,57,73,6.89,1,0.23,
134,ガチトク予選                 H1800m  雨　  風  北東　 2m  波　  2cm,,2025-12-24,大村,04R,,,,,,,,,,,,,,,,,,,,,,,,,,,,,,,,,,,1,1,4063,市 橋 卓 士,59,50,6.91,1,0.14,,2,2,4958,溝 口 海義也,70,18,6.89,2,0.09,,3,5,3482,金 子 猛 志,53,26,6.95,5,0.17,,4,3,3212,亀 本 勇 樹,50,37,6.99,3,0.32,,5,6,4248,岡 本 大 46,46,32,7.01,6,0.21,,6,4,5155,内 山 七 海 45,45,49,6.88,4,0.31,
135,買っトク特賞                 H1800m  雨　  風  北東　 2m  波　  2cm,,2025-12-24,大村,05R,,,,,,,,,,,,,,,,,,,,,,,,,,,,,,,,,,,1,3,3876,中 辻 崇 人,55,27,6.84,3,0.09,,2,1,3968,茶 谷 信 次,54,54,6.82,1,0.09,,3,6,4614,石 倉 洋 行,48,15,6.94,6,0.1,,4,4,3419,栗 原 謙 治,35,34,6.97,4,0.15,,5,5,4349,犬 童 千 秋 32,32,69,6.9,5,0.11,,6,2,3976,内 田 圭 72,72,56,6.96,2,0.17,
136,予選　　　　                 H1800m  雨　  風  東　　 2m  波　  2cm,,2025-12-24,大村,06R,,,,,,,,,,,,,,,,,,,,,,,,,,,,,,,,,,,1,2,4148,枝 尾 賢,44,30,6.88,3,0.14,,2,5,3024,西 島 義 則,66,70,6.95,1,0.19,,3,3,4116,川 田 正 人,58,31,6.94,4,0.15,,4,4,4487,三 原 司,38,57,6.9,5,0.19,,5,6,4902,山 川 雄 大 63,63,38,6.89,6,0.39,,,,,,,,,,,
137,予選　　　　                 H1800m  曇り  風  北東　 1m  波　  1cm,,2025-12-24,大村,07R,,,,,,,,,,,,,,,,,,,,,,,,,,,,,,,,,,,1,2,4120,柘 植 政 浩,69,35,6.92,2,0.13,,2,3,3539,金 子 順 一,33,40,6.91,3,0.18,,3,6,3920,正 木 聖 賢,74,71,6.97,4,0.14,,4,4,4287,今 井 貴 士,40,59,6.94,5,0.18,,5,5,3587,武 田 信 一 73,73,21,6.95,6,0.17,,6,1,3604,武 藤 綾 子 62,62,74,6.95,1,0.23,
138,予選　　　　                 H1800m  曇り  風  北東　 1m  波　  1cm,,2025-12-24,大村,08R,,,,,,,,,,,,,,,,,,,,,,,,,,,,,,,,,,,1,3,4314,青 木 幸太郎,61,55,6.89,3,0.06,,2,6,3731,高 濱 芳 久,65,58,6.9,4,0.13,,3,4,4744,伊 藤 玲 奈,52,66,6.94,6,0.11,,4,1,4390,松 本 弓 雄,34,14,6.93,1,0.21,,5,2,4248,岡 本 大 46,46,32,6.96,2,0.14,,6,5,4624,高 田 明 64,64,28,6.86,5,0.1,
139,狙いトク特賞                 H1800m  曇り  風  北　　 1m  波　  1cm,,2025-12-24,大村,09R,,,,,,,,,,,,,,,,,,,,,,,,,,,,,,,,,,,1,1,3482,金 子 猛 志,53,26,6.96,1,0.15,,2,5,4607,鶴 田 勇 雄,57,73,6.92,5,0.14,,3,3,4236,松 村 敏,67,68,6.95,3,0.11,,4,2,4714,喜多須 杏 奈,43,22,6.84,2,0.16,,5,4,3714,梶 原 正 39,39,25,7.02,4,0.17,,6,6,3875,廣 中 良 一 68,68,52,6.92,6,0.33,
1310,R       予選　　　　                 H1800m  晴　  風  北東　 1m  波　  1cm,,2025-12-24,大村,10R,,,,,,,,,,,,,,,,,,,,,,,,,,,,,,,,,,,1,2,5155,内 山 七 海,45,49,6.87,2,0.11,,2,1,3527,中 嶋 誠一郎,49,42,6.9,1,0.12,,3,3,4761,山 田 晃 大,71,46,6.93,3,0.09,,4,4,3976,内 田 圭,72,56,6.98,4,0.21,,5,6,4879,山 崎 鉄 平 56,56,53,6.97,6,0.18,,6,5,5244,黒 田 剛 47,47,47,6.91,5,0.19,
1311,R       予選　　　　                 H1800m  曇り  風  南西　 1m  波　  1cm,,2025-12-24,大村,11R,,,,,,,,,,,,,,,,,,,,,,,,,,,,,,,,,,,1,1,4942,柴 田 朋 哉,42,24,6.89,1,0.17,,2,5,4045,佐々木 裕 美,36,48,6.9,5,0.15,,3,2,5016,宮 田 龍 馬,41,63,6.92,2,0.24,,4,6,4958,溝 口 海義也,70,18,6.85,6,0.14,,5,4,3968,茶 谷 信 次 54,54,54,6.9,4,0.16,,6,3,5143,常 盤 海 心 11,11,16,6.92,3,0.18,
1312,R       ドリーム戦　                 H1800m  晴　  風  東　　 2m  波　  2cm,,2025-12-24,大村,12R,,,,,,,,,,,,,,,,,,,,,,,,,,,,,,,,,,,1,3,4063,市 橋 卓 士,59,50,6.98,3,0.05,,2,2,3576,白 水 勝 也,37,13,6.92,2,0.09,,3,6,4314,青 木 幸太郎,61,55,6.93,6,0.14,,4,4,4614,石 倉 洋 行,48,15,6.99,4,0.04,,5,5,4120,柘 植 政 浩 69,69,35,6.94,5,0.12,,6,1,3024,西 島 義 則 66,66,70,6.97,1,0.18,
131,ファーストＢ                 H1800m  雨　  風  北　　 1m  波　  1cm,,2025-12-24,大村,01R,,,,,,,,,,,,,,,,,,,,,,,,,,,,,,,,,,,1,1,5104,山 田 丈,33,37,6.69,1,0.07,,2,4,3804,中 渡 修 作,77,11,6.66,4,0.05,,3,6,4865,立 具 敬 司,67,81,6.74,6,0.1,,4,2,3859,多羅尾 達 之,68,17,6.76,2,0.12,,5,5,4259,真 庭 明 志,27,18,6.68,5,0.09,,6,3,4665,加 藤 啓 太,64,80,6.68,3,0.24,
132,一般戦　　　                 H1800m  雨　  風  北　　 1m  波　  1cm,,2025-12-24,大村,02R,,,,,,,,,,,,,,,,,,,,,,,,,,,,,,,,,,,1,1,4429,豊 田 泰 洋,50,77,6.78,1,0.09,,2,3,3717,立 間 充 宏,51,78,6.7,3,0.17,,3,4,3519,冨 田 秀 幸,59,14,6.75,4,0.2,,4,6,4731,間 野 兼 礼,62,59,6.72,6,0.15,,5,2,4020,川 上 清 人,63,15,6.72,2,0.14,,,,,,,,,,,
133,一般戦　　　                 H1800m  雨　  風  北東　 1m  波　  1cm,,2025-12-24,大村,03R,,,,,,,,,,,,,,,,,,,,,,,,,,,,,,,,,,,1,1,4469,土 山 卓 也,32,72,6.68,1,0.2,,2,3,4463,三 苫 晃 幸,52,24,6.67,3,0.21,,3,5,3463,乙 津 康 志,54,75,6.75,5,0.25,,4,6,3908,重 成 一 人,24,13,6.7,6,0.27,,5,4,4821,妻 鳥 晋 也,21,73,6.68,4,0.23,,6,2,4272,大 場 広 孝,31,19,6.69,2,0.19,
134,一般戦　　　                 H1800m  雨　  風  南東　 1m  波　  1cm,,2025-12-24,大村,04R,,,,,,,,,,,,,,,,,,,,,,,,,,,,,,,,,,,1,4,4692,酒 井 俊 弘,55,31,6.59,4,0.14,,2,1,5029,中 亮 太,35,67,6.66,1,0.18,,3,3,4676,後 藤 隼 之,22,20,6.75,5,0.2,,4,5,4264,長 尾 章 平,65,68,6.71,3,0.28,,5,2,5160,藤 森 陸 斗,25,69,6.65,2,0.21,,6,6,5400,高 村 諒,38,21,6.67,6,0.18,
135,一般戦　　　                 H1800m  曇り  風  無風　 0m  波　  1cm,,2025-12-24,大村,05R,,,,,,,,,,,,,,,,,,,,,,,,,,,,,,,,,,,1,1,4452,松 尾 祭,18,64,6.66,1,0.07,,2,4,4918,川 島 拓 郎,66,39,6.65,4,0.15,,3,2,3796,長 野 道 臣,34,79,6.66,2,0.1,,4,5,5353,草 川 壮 良,17,60,6.72,5,0.1,,5,3,4865,立 具 敬 司,67,81,6.66,3,0.03,,6,6,5017,澤 田 尚 也,39,66,6.67,6,0.11,
136,ランチタイム                 H1800m  曇り  風  無風　 0m  波　  1cm,,2025-12-24,大村,06R,,,,,,,,,,,,,,,,,,,,,,,,,,,,,,,,,,,1,1,4269,杉 山 裕 也,61,62,6.62,1,0.12,,2,3,5134,大 原 祥 昌,56,30,6.65,3,0.08,,3,6,4335,若 林 将,57,22,6.72,6,0.11,,4,4,4259,真 庭 明 志,27,18,6.68,4,0.15,,5,2,4948,木 場 悠 介,28,63,6.75,2,0.09,,6,5,5290,坂 本 一 真,53,82,6.68,5,0.17,
137,一般戦　　　                 H1800m  曇り  風  北東　 1m  波　  1cm,,2025-12-24,大村,07R,,,,,,,,,,,,,,,,,,,,,,,,,,,,,,,,,,,1,1,3915,繁野谷 圭 介,36,38,6.65,1,0.21,,2,3,4731,間 野 兼 礼,62,59,6.71,3,0.14,,3,2,4665,加 藤 啓 太,64,80,6.67,2,0.14,,4,6,4437,中 田 元 泰,37,65,6.73,6,0.2,,5,5,5379,廣 部 大 明,26,53,6.74,5,0.23,,6,4,4976,金 山 立 樹,60,61,6.7,4,0.31,
138,一般戦　　　                 H1800m  曇り  風  北東　 2m  波　  2cm,,2025-12-24,大村,08R,,,,,,,,,,,,,,,,,,,,,,,,,,,,,,,,,,,1,2,4692,酒 井 俊 弘,55,31,6.58,4,0.11,,2,3,3859,多羅尾 達 之,68,17,6.87,2,0.17,,3,6,3787,天 野 誠,20,51,6.7,6,0.24,,4,1,4257,古 川 健,30,58,6.65,1,0.12,,5,4,4272,大 場 広 孝,31,19,6.73,5,0.21,,6,5,4020,川 上 清 人,63,15,6.74,3,0.22,
139,一般戦　　　                 H1800m  曇り  風  北東　 2m  波　  2cm,,2025-12-24,大村,09R,,,,,,,,,,,,,,,,,,,,,,,,,,,,,,,,,,,1,1,4578,藤 山 雅 弘,69,54,6.74,1,0.09,,2,2,3804,中 渡 修 作,77,11,6.72,2,0.19,,3,6,4676,後 藤 隼 之,22,20,6.82,5,0.27,,4,4,3463,乙 津 康 志,54,75,6.69,4,0.22,,5,3,3519,冨 田 秀 幸,59,14,6.75,3,0.16,,6,5,5351,齊 藤 廉,16,55,6.73,6,0.12,
1310,R       準優勝戦　　                 H1800m  曇り  風  無風　 0m  波　  1cm,,2025-12-24,大村,10R,,,,,,,,,,,,,,,,,,,,,,,,,,,,,,,,,,,1,1,5017,澤 田 尚 也,39,66,6.71,1,0.1,,2,2,4264,長 尾 章 平,65,68,6.76,2,0.17,,3,3,4821,妻 鳥 晋 也,21,32,6.77,3,0.22,,4,4,3717,立 間 充 宏,51,78,6.7,4,0.23,,5,5,5104,山 田 丈,33,37,6.77,5,0.25,,6,6,4429,豊 田 泰 洋,50,77,6.76,6,0.27,
1311,R       準優勝戦　　                 H1800m  曇り  風  北東　 1m  波　  1cm,,2025-12-24,大村,11R,,,,,,,,,,,,,,,,,,,,,,,,,,,,,,,,,,,1,1,3908,重 成 一 人,24,13,6.73,1,0.12,,2,2,3959,坪 井 康 晴,23,74,6.69,2,0.16,,3,3,4269,杉 山 裕 也,61,62,6.68,3,0.15,,4,6,4452,松 尾 祭,18,64,6.76,6,0.18,,5,4,4463,三 苫 晃 幸,52,24,6.7,4,0.15,,6,5,5029,中 亮 太,35,67,6.71,5,0.14,
1312,R       準優勝戦　　                 H1800m  曇り  風  東　　 1m  波　  1cm,,2025-12-24,大村,12R,,,,,,,,,,,,,,,,,,,,,,,,,,,,,,,,,,,1,1,4335,若 林 将,57,22,6.7,1,0.13,,2,2,4257,古 川 健,30,58,6.66,2,0.15,,3,5,3915,繁野谷 圭 介,36,38,6.71,5,0.02,,4,4,5134,大 原 祥 昌,56,30,6.68,4,0.05,,5,3,4976,金 山 立 樹,60,61,6.68,3,0.11,,6,6,5160,藤 森 陸 斗,25,69,6.67,6,0.07,
131,一般　　　　                 H1800m  雨　  風  北西　 2m  波　  3cm,,2025-12-24,大村,01R,,,,,,,,,,,,,,,,,,,,,,,,,,,,,,,,,,,1,2,3834,細 川 明 人,63,22,7.03,2,0.17,,2,4,4951,新 田 洋 一,65,66,6.82,4,0.13,,3,6,3352,小 川 晃 司,47,55,6.85,6,0.14,,4,3,4885,大 山 千 広,69,32,6.81,3,0.19,,5,5,4434,田 中 辰 彦 56,56,48,6.89,5,0.11,,6,1,5113,黒 明 花 夢 11,11,41,6.85,1,0.18,
132,一般　　　　                 H1800m  雨　  風  北西　 2m  波　  3cm,,2025-12-24,大村,02R,,,,,,,,,,,,,,,,,,,,,,,,,,,,,,,,,,,1,3,4640,山ノ内 雅 人,45,40,6.82,3,0.11,,2,1,4327,加 藤 翔,55,30,6.77,1,0.16,,3,5,4793,金 子 萌,60,34,6.89,5,0.13,,4,2,4163,山 崎 裕 司,23,21,6.93,2,0.18,,5,4,5037,田 頭 虎 親 18,18,60,6.76,4,0.14,,6,6,3775,泉 啓 文 34,34,12,6.83,6,0.16,
133,一般　　　　                 H1800m  雨　  風  北西　 2m  波　  3cm,,2025-12-24,大村,03R,,,,,,,,,,,,,,,,,,,,,,,,,,,,,,,,,,,1,2,5232,樅 山 拓 馬,12,63,6.84,2,0.14,,2,3,4358,松 本 庸 平,20,36,6.8,3,0.15,,3,4,4650,中 山 雄 太,30,29,6.82,4,0.12,,4,1,4587,木 田 峰由季,43,18,7.02,1,0.17,,5,6,4273,佐 藤 旭 40,40,67,6.97,6,0.26,,6,5,4636,赤 池 修 平 25,25,57,6.81,5,0.17,
134,一般　　　　                 H1800m  雨　  風  無風　 0m  波　  1cm,,2025-12-24,大村,04R,,,,,,,,,,,,,,,,,,,,,,,,,,,,,,,,,,,1,5,4302,西 野 翔 太,49,27,6.9,5,0.1,,2,4,5010,宇留田 翔 平,33,61,6.74,4,0.08,,3,6,5015,高 橋 竜 矢,19,52,7.06,6,0.14,,4,1,4226,村 田 浩 司,53,58,6.76,1,0.16,,5,2,4210,松 村 康 太 59,59,73,6.92,2,0.18,,6,3,5031,渡 辺 空 依 61,61,53,6.85,3,0.13,
135,一般　　　　                 H1800m  雨　  風  北東　 1m  波　  1cm,,2025-12-24,大村,05R,,,,,,,,,,,,,,,,,,,,,,,,,,,,,,,,,,,1,1,4909,薮 内 瑞 希,57,56,6.83,1,0.22,,2,2,4804,高 田 ひかる,15,59,6.72,2,0.33,,3,6,4885,大 山 千 広,69,32,6.82,6,0.23,,4,5,5367,赤 松 咲 香,13,74,6.92,5,0.25,,5,3,5019,柴 田 百 恵 66,66,51,6.87,3,0.32,,6,4,5164,森 田 梨 湖 21,21,65,6.8,4,0.29,
136,一般　　　　                 H1800m  雨　  風  北東　 1m  波　  1cm,,2025-12-24,大村,06R,,,,,,,,,,,,,,,,,,,,,,,,,,,,,,,,,,,1,2,4931,木 谷 賢 太,62,69,6.93,2,0.15,,2,1,4079,出 畑 孝 典,64,68,6.9,1,0.12,,3,3,5236,小 宮 涼 雅,67,72,6.89,3,0.13,,4,4,4739,中 村 晃 朋,29,64,6.9,4,0.18,,5,6,4276,鈴 木 勝 博 58,58,70,6.83,5,0.22,,6,5,3352,小 川 晃 司 47,47,55,6.92,6,0.2,
137,一般　　　　                 H1800m  雨　  風  北東　 3m  波　  3cm,,2025-12-24,大村,07R,,,,,,,,,,,,,,,,,,,,,,,,,,,,,,,,,,,1,3,4636,赤 池 修 平,25,57,6.96,4,0.2,,2,6,3554,仲 口 博 崇,16,71,6.8,3,0.1,,3,4,4327,加 藤 翔,55,30,6.93,5,0.17,,4,1,4951,新 田 洋 一,65,66,6.87,1,0.08,,5,2,5176,石 倉 拓 美 38,38,25,6.87,6,0.11,,6,5,4842,山 下 昂 大 70,70,62,7.06,2,0.07,
138,一般　　　　                 H1800m  曇り  風  北東　 2m  波　  3cm,,2025-12-24,大村,08R,,,,,,,,,,,,,,,,,,,,,,,,,,,,,,,,,,,1,2,4793,金 子 萌,60,34,7.03,2,0.12,,2,1,3361,岡 部 浩,54,13,6.99,1,0.11,,3,6,5248,本 田 愛,14,75,6.88,6,0.14,,4,3,5232,樅 山 拓 馬,12,63,6.94,3,0.2,,5,5,4711,前 出 達 吉 48,48,20,6.87,5,0.13,,6,4,3834,細 川 明 人 63,63,22,6.91,4,0.14,
139,一般　　　　                 H1800m  曇り  風  北西　 3m  波　  3cm,,2025-12-24,大村,09R,,,,,,,,,,,,,,,,,,,,,,,,,,,,,,,,,,,1,2,4434,田 中 辰 彦,56,48,6.9,2,0.12,,2,3,4226,村 田 浩 司,53,58,6.84,3,0.09,,3,1,4273,佐 藤 旭,40,67,6.93,1,0.23,,4,4,5019,柴 田 百 恵,66,51,6.77,4,0.16,,5,6,5037,田 頭 虎 親 18,18,60,6.83,6,0.17,,6,5,3684,清 水 攻 二 17,17,54,6.83,5,0.24,
1310,R       準優勝戦　　                 H1800m  曇り  風  北東　 2m  波　  3cm,,2025-12-24,大村,10R,,,,,,,,,,,,,,,,,,,,,,,,,,,,,,,,,,,1,1,4276,鈴 木 勝 博,58,70,6.84,1,0.21,,2,2,4302,西 野 翔 太,49,27,6.87,2,0.18,,3,5,4210,松 村 康 太,59,73,6.93,5,0.18,,4,6,4587,木 田 峰由季,43,18,6.83,6,0.16,,5,4,4640,山ノ内 雅 人 45,45,40,6.99,4,0.12,,,,,,,,,,,
1311,R       準優勝戦　　                 H1800m  曇り  風  北東　 2m  波　  3cm,,2025-12-24,大村,11R,,,,,,,,,,,,,,,,,,,,,,,,,,,,,,,,,,,1,1,5015,高 橋 竜 矢,19,52,6.95,1,0.13,,2,4,4358,松 本 庸 平,20,36,6.88,4,0.21,,3,3,4739,中 村 晃 朋,29,64,6.96,3,0.15,,4,5,4163,山 崎 裕 司,23,21,6.94,5,0.22,,5,6,4079,出 畑 孝 典 64,64,68,6.9,6,0.23,,6,2,4842,山 下 昂 大 70,70,62,6.99,2,0.11,
1312,R       準優勝戦　　                 H1800m  曇り  風  北東　 2m  波　  3cm,,2025-12-24,大村,12R,,,,,,,,,,,,,,,,,,,,,,,,,,,,,,,,,,,1,4,3775,泉 啓 文,34,12,6.78,3,0.07,,2,1,3554,仲 口 博 崇,16,71,6.87,1,0.06,,3,6,4909,薮 内 瑞 希,57,56,6.78,6,0.13,,4,5,4804,高 田 ひかる,15,59,6.7,5,0.08,,5,3,5010,宇留田 翔 平 33,33,61,6.73,4,0.05,,,,,,,,,,,
131,予選　　　　                 H1800m  曇り  風  北　　 1m  波　  1cm,,2025-12-24,大村,01R,,,,,,,,,,,,,,,,,,,,,,,,,,,,,,,,,,,1,1,4034,西 原 明 生,44,57,6.82,1,0.16,,2,2,4465,大 西 賢,51,12,6.81,2,0.14,,3,3,4861,田 中 宏 樹,26,44,6.69,3,0.14,,4,5,3454,井 川 大 作,1,9,6.8,5,0.17,,5,6,3202,三 品 隆 浩,8,10,6.85,6,0.21,,6,4,5370,日 隈 茜,56,60,6.74,4,0.15,
132,予選　　　　                 H1800m  曇り  風  北東　 1m  波　  1cm,,2025-12-24,大村,02R,,,,,,,,,,,,,,,,,,,,,,,,,,,,,,,,,,,1,3,5032,谷 口 知 優,64,11,6.79,3,0.21,,2,2,5264,登 みひ果,43,3,6.75,2,0.12,,3,4,3516,吉 原 聖 人,37,65,6.8,4,0.24,,4,1,4077,品 田 直 樹,41,24,6.9,1,0.14,,5,6,4543,重 木 輝 彦,33,48,6.82,6,0.21,,6,5,4575,戸 塚 邦 好,22,36,6.79,5,0.12,
133,予選　　　　                 H1800m  曇り  風  北　　 1m  波　  1cm,,2025-12-24,大村,03R,,,,,,,,,,,,,,,,,,,,,,,,,,,,,,,,,,,1,1,3579,中 里 優 子,62,52,6.72,1,0.19,,2,4,3986,沖 島 広 和,6,17,6.84,4,0.15,,3,3,3930,岸 本 隆,49,46,6.79,3,0.16,,4,6,3319,山 崎 義 明,66,8,6.82,6,0.2,,5,5,5018,竹 下 大 樹,47,6,6.87,5,0.14,,6,2,3907,村 越 篤,35,2,6.75,2,0.17,
134,予選　　　　                 H1800m  曇り  風  北　　 2m  波　  2cm,,2025-12-24,大村,04R,,,,,,,,,,,,,,,,,,,,,,,,,,,,,,,,,,,1,4,4812,西 野 雄 貴,14,23,6.76,4,0.07,,2,1,4945,上 村 宏 太,11,32,6.7,1,0.16,,3,6,4288,永 田 啓 二,36,40,6.76,6,0.15,,4,5,4735,角 山 雄 哉,40,29,6.84,5,0.12,,5,3,4359,横 川 聖 志,15,63,6.89,3,0.08,,6,2,5162,松 尾 怜 実,63,43,6.77,2,0.1,
135,予選　　　　                 H1800m  曇り  風  北　　 1m  波　  1cm,,2025-12-24,大村,05R,,,,,,,,,,,,,,,,,,,,,,,,,,,,,,,,,,,1,4,3304,烏 野 賢 太,45,62,6.81,4,0.22,,2,5,4474,渡 辺 崇,16,19,6.78,5,0.24,,3,3,4465,大 西 賢,51,12,6.86,3,0.18,,4,6,3543,福 田 雅 一,59,5,6.72,6,0.26,,5,2,5007,近 藤 雄一郎,53,66,6.83,2,0.17,,6,1,5327,西 田 和 加,13,22,6.75,1,0.11,
136,かけうどん６                 H1800m  曇り  風  南東　 1m  波　  1cm,,2025-12-24,大村,06R,,,,,,,,,,,,,,,,,,,,,,,,,,,,,,,,,,,1,1,4816,村 松 修 二,27,56,6.82,1,0.11,,2,2,4052,興 津 藍,21,13,6.8,2,0.12,,3,5,5032,谷 口 知 優,64,11,6.82,5,0.11,,4,4,3953,志 道 吉 和,23,35,6.94,4,0.11,,5,3,3900,香 川 素 子,5,31,6.84,3,0.24,,6,6,4861,田 中 宏 樹,26,44,6.7,6,0.16,
137,ざるうどん７                 H1800m  曇り  風  北　　 1m  波　  1cm,,2025-12-24,大村,07R,,,,,,,,,,,,,,,,,,,,,,,,,,,,,,,,,,,1,4,3849,中 岡 正 彦,55,16,6.84,4,0.08,,2,3,3319,山 崎 義 明,66,8,6.92,3,0.16,,3,5,5081,篠 原 飛 翔,19,7,6.8,5,0.29,,4,2,4575,戸 塚 邦 好,22,36,6.73,2,0.16,,5,6,5370,日 隈 茜,56,60,6.84,6,0.15,,6,1,3820,樫 葉 次 郎,25,39,6.87,1,0.18,
138,釜揚げ８　　  進入固定       H1800m  曇り  風  北東　 1m  波　  1cm,,2025-12-24,大村,08R,,,,,,,,,,,,,,,,,,,,,,,,,,,,,,,,,,,1,6,4735,角 山 雄 哉,40,29,6.77,6,0.18,,2,4,4121,富 永 修 一,65,54,6.69,4,0.14,,3,1,4596,葛 原 大 陽,18,51,6.77,1,0.16,,4,5,4077,品 田 直 樹,41,24,6.83,5,0.16,,5,2,3930,岸 本 隆,49,46,6.79,2,0.13,,6,3,4034,西 原 明 生,44,57,6.77,3,0.19,
139,ウチまる特賞                 H1800m  曇り  風  東　　 2m  波　  2cm,,2025-12-24,大村,09R,,,,,,,,,,,,,,,,,,,,,,,,,,,,,,,,,,,1,1,4812,西 野 雄 貴,14,23,6.72,1,0.11,,2,2,4474,渡 辺 崇,16,19,6.83,2,0.12,,3,4,4364,池 永 太,38,34,6.88,4,0.13,,4,3,3202,三 品 隆 浩,8,10,6.79,3,0.08,,5,6,3907,村 越 篤,35,2,6.84,6,0.12,,6,5,4109,谷 津 幸 宏,50,1,6.92,5,0.05,
1310,R       蒼月まるる特                 H1800m  曇り  風  東　　 2m  波　  2cm,,2025-12-24,大村,10R,,,,,,,,,,,,,,,,,,,,,,,,,,,,,,,,,,,1,1,4704,河 野 大,2,47,6.75,1,0.09,,2,2,3898,平 田 忠 則,58,45,6.71,2,0.11,,3,4,3454,井 川 大 作,1,9,6.85,4,0.15,,4,6,3900,香 川 素 子,5,31,6.79,6,0.13,,5,3,5162,松 尾 怜 実,63,43,6.76,3,0.15,,6,5,4529,嶋 義 信,30,49,6.92,5,0.19,
1311,R       予選選抜　　                 H1800m  曇り  風  北　　 1m  波　  1cm,,2025-12-24,大村,11R,,,,,,,,,,,,,,,,,,,,,,,,,,,,,,,,,,,1,1,4052,興 津 藍,21,13,6.77,1,0.14,,2,2,5081,篠 原 飛 翔,19,7,6.79,2,0.12,,3,3,3543,福 田 雅 一,59,5,6.8,3,0.09,,4,5,3516,吉 原 聖 人,37,65,6.85,5,0.1,,5,6,5018,竹 下 大 樹,47,6,6.84,6,0.08,,6,4,4359,横 川 聖 志,15,63,6.96,4,0.08,
1312,R       予選選抜　　                 H1800m  曇り  風  東　　 1m  波　  1cm,,2025-12-24,大村,12R,,,,,,,,,,,,,,,,,,,,,,,,,,,,,,,,,,,1,1,3304,烏 野 賢 太,45,62,6.77,1,0.15,,2,4,4288,永 田 啓 二,36,40,6.79,4,0.11,,3,2,3849,中 岡 正 彦,55,16,6.74,2,0.12,,4,3,4816,村 松 修 二,27,56,6.81,3,0.16,,5,6,5264,登 みひ果,43,3,6.75,6,0.48,,6,5,4596,葛 原 大 陽,18,51,6.81,5,0.19,
131,とるならなる                 H1800m  曇り  風  北西　 1m  波　  1cm,,2025-12-24,大村,01R,,,,,,,,,,,,,,,,,,,,,,,,,,,,,,,,,,,1,1,4808,松 尾 拓,14,78,6.84,1,0.15,,2,6,4167,片 岡 秀 樹,82,31,6.87,6,0.18,,3,3,4651,佐 藤 大 騎,11,51,6.86,4,0.18,,4,4,3933,山 地 正 樹,58,71,6.98,3,0.19,,5,2,3868,尾 形 栄 治 15,15,23,6.88,2,0.18,,6,5,3176,長谷川 巌 37,37,11,6.97,5,0.2,
132,どーなるなる                 H1800m  曇り  風  北西　 1m  波　  1cm,,2025-12-24,大村,02R,,,,,,,,,,,,,,,,,,,,,,,,,,,,,,,,,,,1,2,4423,坂 口 貴 彦,30,58,6.87,2,0.16,,2,1,4040,廣 瀬 将 亨,12,53,6.73,1,0.13,,3,6,3777,樋 口 亮,67,73,6.84,6,0.17,,4,5,4728,山 口 亮,26,68,6.9,5,0.14,,5,4,4189,川 上 剛 18,18,80,6.97,4,0.13,,6,3,3550,都 築 正 治 64,64,35,6.88,3,0.19,
133,どきどきなる                 H1800m  曇り  風  無風　 0m  波　  1cm,,2025-12-24,大村,03R,,,,,,,,,,,,,,,,,,,,,,,,,,,,,,,,,,,1,1,4713,白 神 優,25,37,6.79,1,0.08,,2,3,4926,吉 川 貴 仁,31,38,6.69,3,0.08,,3,4,3584,佐々木 英 樹,53,75,6.93,4,0.13,,4,6,4383,竹 田 吉 行,80,16,6.96,6,0.14,,5,2,4485,楠 原 正 剛 32,32,83,6.83,2,0.09,,6,5,4840,鈴 木 秀 茉 79,79,57,6.77,5,0.11,
134,とにかくなる                 H1800m  曇り  風  北　　 1m  波　  1cm,,2025-12-24,大村,04R,,,,,,,,,,,,,,,,,,,,,,,,,,,,,,,,,,,1,1,4509,平 見 真 彦,63,59,6.74,1,0.18,,2,4,4180,上 野 秀 和,60,54,6.78,4,0.19,,3,2,4871,菊 池 宏 志,35,34,6.74,2,0.14,,4,5,5276,大 島 隆乃介,77,17,6.73,5,0.17,,5,3,4691,水 原 慎 10,10,12,6.73,3,0.13,,6,6,4352,下 條 雄太郎 75,75,82,6.82,6,0.24,
135,一般　　　　                 H1800m  曇り  風  北西　 1m  波　  1cm,,2025-12-24,大村,05R,,,,,,,,,,,,,,,,,,,,,,,,,,,,,,,,,,,1,4,4342,谷 野 錬 志,78,50,6.83,4,0.06,,2,1,4146,柳 橋 宏 紀,22,28,6.74,1,0.12,,3,6,3747,國 崎 良 春,70,81,6.83,6,0.07,,4,5,4019,笠 原 亮,57,39,6.86,5,0.11,,5,2,4055,吉 田 俊 彦 74,74,26,6.81,2,0.11,,6,3,3868,尾 形 栄 治 15,15,23,6.82,3,0.09,
136,一般　　　　                 H1800m  雨　  風  北西　 2m  波　  2cm,,2025-12-24,大村,06R,,,,,,,,,,,,,,,,,,,,,,,,,,,,,,,,,,,1,1,4600,井 内 将太郎,27,63,6.76,1,0.14,,2,3,4435,服 部 達 哉,16,67,6.79,3,0.17,,3,5,4448,青 木 玄 太,55,77,6.85,5,0.22,,4,4,3550,都 築 正 治,64,35,6.93,4,0.19,,5,2,4813,宮 内 直 哉 73,73,64,6.94,2,0.18,,6,6,4808,松 尾 拓 14,14,78,6.89,6,0.22,
137,一般　　　　                 H1800m  曇り  風  北西　 1m  波　  1cm,,2025-12-24,大村,07R,,,,,,,,,,,,,,,,,,,,,,,,,,,,,,,,,,,1,2,4520,高 倉 孝 太,56,61,6.8,3,0.12,,2,1,3777,樋 口 亮,67,73,6.79,1,0.14,,3,6,4962,畑 竜 生,17,32,6.86,6,0.15,,4,5,3933,山 地 正 樹,58,71,6.9,2,0.11,,5,3,4231,鈴 木 裕 隆 23,23,36,6.86,4,0.14,,6,4,4651,佐 藤 大 騎 11,11,51,6.76,5,0.11,
138,一般　　　　                 H1800m  雨　  風  北西　 1m  波　  1cm,,2025-12-24,大村,08R,,,,,,,,,,,,,,,,,,,,,,,,,,,,,,,,,,,1,2,4180,上 野 秀 和,60,54,6.96,2,0.11,,2,4,4691,水 原 慎,10,12,6.94,4,0.13,,3,1,4167,片 岡 秀 樹,82,31,6.82,1,0.13,,4,5,4713,白 神 優,25,37,6.99,5,0.15,,5,6,4189,川 上 剛 18,18,80,6.91,6,0.16,,6,3,3584,佐々木 英 樹 53,53,75,6.94,3,0.12,
139,一般　　　　                 H1800m  雨　  風  無風　 0m  波　  1cm,,2025-12-24,大村,09R,,,,,,,,,,,,,,,,,,,,,,,,,,,,,,,,,,,1,1,4383,竹 田 吉 行,80,16,6.84,1,0.09,,2,5,4342,谷 野 錬 志,78,50,6.88,5,0.08,,3,3,4840,鈴 木 秀 茉,79,57,6.86,3,0.08,,4,6,4040,廣 瀬 将 亨,12,53,6.9,6,0.08,,5,2,3176,長谷川 巌 37,37,11,7.0,2,0.15,,6,4,4423,坂 口 貴 彦 30,30,58,6.83,4,0.08,
1310,R       選抜戦　　　                 H1800m  曇り  風  北西　 1m  波　  1cm,,2025-12-24,大村,10R,,,,,,,,,,,,,,,,,,,,,,,,,,,,,,,,,,,1,1,3747,國 崎 良 春,70,81,6.72,1,0.12,,2,2,4448,青 木 玄 太,55,77,6.78,2,0.07,,3,3,4509,平 見 真 彦,63,59,6.79,3,0.12,,4,4,4055,吉 田 俊 彦,74,26,6.94,4,0.13,,5,6,4871,菊 池 宏 志 35,35,34,6.86,6,0.13,,6,5,4813,宮 内 直 哉 73,73,64,6.8,5,0.14,
1311,R       選抜戦　　　                 H1800m  雨　  風  北西　 1m  波　  1cm,,2025-12-24,大村,11R,,,,,,,,,,,,,,,,,,,,,,,,,,,,,,,,,,,1,2,5276,大 島 隆乃介,77,55,6.68,2,0.07,,2,6,4926,吉 川 貴 仁,31,38,6.76,6,0.05,,3,1,4019,笠 原 亮,57,39,6.84,1,0.06,,4,5,4600,井 内 将太郎,27,63,6.89,5,0.21,,5,3,4520,高 倉 孝 太 56,56,61,6.73,3,0.18,,6,4,4146,柳 橋 宏 紀 22,22,28,6.88,4,0.16,
1312,R       優勝戦　　　                 H1800m  曇り  風  北西　 1m  波　  1cm,,2025-12-24,大村,12R,,,,,,,,,,,,,,,,,,,,,,,,,,,,,,,,,,,1,4,3614,谷 勝 幸,76,62,6.78,4,0.05,,2,5,4580,長谷川 雅 和,72,13,6.85,5,0.11,,3,6,5280,廣 瀬 凜,29,56,6.86,6,0.13,,4,1,3744,徳 増 秀 樹,62,19,6.65,1,0.13,,5,2,4757,山 田 祐 也 68,68,69,6.86,2,0.13,,6,3,4451,松 崎 祐太郎 33,33,14,6.88,3,0.09,
131,朝からセンプ                 H1800m  曇り  風  北　　 2m  波　  0cm,,2025-12-24,大村,01R,,,,,,,,,,,,,,,,,,,,,,,,,,,,,,,,,,,1,3,3918,深 井 利 寿,17,19,6.88,3,0.15,,2,1,4004,山 本 浩 輔,46,55,6.83,1,0.22,,3,5,4422,永 井 亮 次,23,35,6.9,5,0.19,,4,4,4393,田 中 孝 明,14,68,6.88,4,0.21,,5,2,4246,喜 多 那由夏,50,75,6.93,2,0.21,,6,6,3812,山 崎 聖 司,18,43,6.87,6,0.15,
132,予選　　　　                 H1800m  曇り  風  東　　 3m  波　  0cm,,2025-12-24,大村,02R,,,,,,,,,,,,,,,,,,,,,,,,,,,,,,,,,,,1,1,4404,岸 蔭 亮,44,60,6.87,1,0.18,,2,3,4555,富 永 大 一,56,57,6.85,3,0.19,,3,4,4099,吉 永 則 雄,26,24,6.91,4,0.13,,4,2,3631,田 添 康 介,4,36,6.86,2,0.21,,5,5,3467,森 弘 行,48,58,6.92,5,0.11,,6,6,5389,恵 良 琴 美,40,64,6.84,6,0.11,
133,予選　　　　                 H1800m  曇り  風  東　　 2m  波　  0cm,,2025-12-24,大村,03R,,,,,,,,,,,,,,,,,,,,,,,,,,,,,,,,,,,1,6,5221,竹 間 隆 晟,25,74,6.86,6,0.12,,2,4,5008,羽 野 諒,20,59,6.89,4,0.05,,3,3,3535,渡 修 平,49,25,6.84,3,0.05,,,,,,,,,,,,,,,,,,,,,,,,,,,,,,,
134,予選　　　　                 H1800m  曇り  風  東　　 2m  波　  0cm,,2025-12-24,大村,04R,,,,,,,,,,,,,,,,,,,,,,,,,,,,,,,,,,,1,2,4560,庄 司 樹良々,55,37,6.84,2,0.19,,2,5,3680,森 林 太,38,67,6.84,5,0.23,,3,1,5027,重 冨 勇 哉,21,65,6.84,1,0.19,,4,4,4639,雑 賀 勇 貴,7,18,6.86,4,0.2,,5,3,4693,松 下 誉 士,29,21,6.88,3,0.22,,6,6,5358,増 本 杏 珠,32,72,6.91,6,0.28,
135,予選　　　　                 H1800m  曇り  風  北東　 2m  波　  0cm,,2025-12-24,大村,05R,,,,,,,,,,,,,,,,,,,,,,,,,,,,,,,,,,,1,4,5057,上 田 紗 奈,53,50,6.81,4,0.12,,2,3,4057,松 井 賢 治,59,26,6.83,3,0.14,,3,6,4245,高 橋 直 哉,10,42,6.88,6,0.19,,4,1,4234,野 相 弘 司,11,31,6.9,1,0.19,,5,5,4174,赤 坂 俊 輔,3,45,6.91,5,0.18,,6,2,4896,花 本 剛,19,54,6.87,2,0.21,
136,昼どきピンク                 H1800m  曇り  風  南東　 2m  波　  0cm,,2025-12-24,大村,06R,,,,,,,,,,,,,,,,,,,,,,,,,,,,,,,,,,,1,1,4771,下 寺 秀 和,12,66,6.79,1,0.25,,2,3,5118,野 田 なづき,41,28,6.82,3,0.23,,3,2,4632,長 尾 京志郎,34,13,6.87,2,0.24,,4,6,3581,加 木 郁,6,23,6.86,6,0.22,,5,4,3662,大 庭 元 明,33,14,6.93,4,0.22,,6,5,4904,松 本 一 毅,15,11,6.89,5,0.18,
137,予選　　　　                 H1800m  曇り  風  無風　 0m  波　  0cm,,2025-12-24,大村,07R,,,,,,,,,,,,,,,,,,,,,,,,,,,,,,,,,,,1,1,5008,羽 野 諒,20,59,6.83,1,0.13,,2,3,4004,山 本 浩 輔,46,55,6.81,3,0.21,,3,4,4290,稲 田 浩 二,24,27,6.86,4,0.19,,4,6,3873,別 府 昌 樹,47,12,6.96,6,0.23,,5,2,3467,森 弘 行,48,58,6.85,2,0.18,,6,5,3882,新 田 智 彰,8,33,6.87,5,0.23,
138,予選　　　　                 H1800m  曇り  風  無風　 0m  波　  0cm,,2025-12-24,大村,08R,,,,,,,,,,,,,,,,,,,,,,,,,,,,,,,,,,,1,2,4743,木 村 仁 紀,30,51,6.84,2,0.08,,2,1,3680,森 林 太,38,67,6.83,1,0.09,,3,3,4393,田 中 孝 明,14,68,6.85,3,0.13,,4,4,3535,渡 修 平,49,25,6.8,4,0.14,,5,5,4411,沢 田 昭 宏,31,46,6.84,5,0.14,,6,6,4555,富 永 大 一,56,57,6.81,6,0.15,
139,予選特賞　　                 H1800m  曇り  風  北東　 2m  波　  0cm,,2025-12-24,大村,09R,,,,,,,,,,,,,,,,,,,,,,,,,,,,,,,,,,,1,1,4057,松 井 賢 治,59,26,6.79,1,0.12,,2,5,4000,松 本 博 昭,36,47,6.84,5,0.12,,3,3,4639,雑 賀 勇 貴,7,18,6.88,3,0.13,,4,6,5071,野見山 拓 己,58,39,6.87,6,0.13,,5,4,3631,田 添 康 介,4,36,6.83,4,0.12,,6,2,3812,山 崎 聖 司,18,43,6.84,2,0.14,
1310,R       予選特賞　　                 H1800m  曇り  風  北東　 1m  波　  0cm,,2025-12-24,大村,10R,,,,,,,,,,,,,,,,,,,,,,,,,,,,,,,,,,,1,1,5057,上 田 紗 奈,53,50,6.8,1,0.05,,2,2,5182,宮 崎 安 奈,45,17,6.83,2,0.07,,3,3,4484,稲 生 夏 季,13,71,6.91,3,0.11,,4,4,5118,野 田 なづき,41,28,6.89,4,0.08,,5,6,4947,間 庭 菜 摘,52,70,6.9,6,0.14,,6,5,4246,喜 多 那由夏,50,75,6.92,5,0.12,
1311,R       予選特選　　                 H1800m  曇り  風  東　　 2m  波　  0cm,,2025-12-24,大村,11R,,,,,,,,,,,,,,,,,,,,,,,,,,,,,,,,,,,1,1,4099,吉 永 則 雄,26,24,6.85,1,0.16,,2,5,4693,松 下 誉 士,29,21,6.84,5,0.17,,3,4,3918,深 井 利 寿,17,19,6.91,4,0.12,,4,3,4641,磯 村 匠,39,16,6.84,3,0.17,,5,2,3662,大 庭 元 明,33,14,6.91,2,0.17,,6,6,4896,花 本 剛,19,54,6.92,6,0.15,
1312,R       歳忘れ選抜戦                 H1800m  晴　  風  北東　 1m  波　  0cm,,2025-12-24,大村,12R,,,,,,,,,,,,,,,,,,,,,,,,,,,,,,,,,,,1,1,4290,稲 田 浩 二,24,27,6.87,1,0.12,,2,3,5221,竹 間 隆 晟,25,74,6.82,3,0.19,,3,5,4743,木 村 仁 紀,30,51,6.86,5,0.16,,4,6,4560,庄 司 樹良々,55,37,6.88,6,0.16,,5,2,4174,赤 坂 俊 輔,3,45,6.91,2,0.21,,6,4,4771,下 寺 秀 和,12,66,6.82,4,0.17,
131,予選　　　　                 H1800m  曇り  風  無風　 0m  波　  1cm,,2025-12-24,大村,01R,,,,,,,,,,,,,,,,,,,,,,,,,,,,,,,,,,,1,1,3629,浅 見 昌 克,15,12,6.66,1,0.15,,2,5,5311,小 林 京 平,13,23,6.7,5,0.34,,3,4,4382,高 山 智 至,14,62,6.72,4,0.27,,4,2,4252,松 下 哲 也,33,68,6.77,2,0.32,,5,3,4995,田 邉 亮 蔵 40,40,60,6.81,3,0.32,,6,6,4987,島 倉 都 31,31,29,6.76,6,0.33,
132,予選　　　　                 H1800m  曇り  風  無風　 0m  波　  1cm,,2025-12-24,大村,02R,,,,,,,,,,,,,,,,,,,,,,,,,,,,,,,,,,,1,5,5074,大 澤 誠 也,54,24,6.79,4,0.18,,2,1,5287,滝 沢 織 寧,41,26,6.65,1,0.16,,3,6,4539,金 子 賢 志,27,47,6.74,5,0.15,,4,4,3282,池 本 輝 明,28,45,6.74,3,0.23,,5,2,4401,小 林 泰 36,36,17,6.68,6,0.12,,6,3,3370,坪 内 実 26,26,53,6.73,2,0.26,
133,予選　　　　                 H1800m  曇り  風  無風　 0m  波　  1cm,,2025-12-24,大村,03R,,,,,,,,,,,,,,,,,,,,,,,,,,,,,,,,,,,1,1,5120,山 本 稔太朗,49,30,6.77,1,0.06,,2,3,4233,亀 山 雅 幸,24,37,6.78,3,0.07,,3,4,4723,寺 島 吉 彦,60,28,6.68,5,0.06,,4,6,4002,古 結 宏,35,58,6.75,4,0.12,,5,2,3664,鈴 木 賢 一 46,46,25,6.83,2,0.07,,6,5,5194,大久保 佑 香 47,47,39,6.86,6,0.13,
134,予選　　　　                 H1800m  曇り  風  無風　 0m  波　  1cm,,2025-12-24,大村,04R,,,,,,,,,,,,,,,,,,,,,,,,,,,,,,,,,,,1,3,3562,山 下 和 彦,19,22,6.77,3,0.19,,2,1,3771,折 下 寛 法,39,38,6.76,1,0.12,,3,2,5251,沼 田 七 華,11,51,6.8,2,0.13,,4,5,5135,仲 航 太,65,31,6.81,5,0.22,,5,4,4669,井 上 茂 32,32,61,6.85,4,0.22,,6,6,5022,伊 藤 尚 汰 72,72,27,6.79,6,0.26,
135,予選　　　　                 H1800m  曇り  風  無風　 0m  波　  1cm,,2025-12-24,大村,05R,,,,,,,,,,,,,,,,,,,,,,,,,,,,,,,,,,,1,1,3612,馬 袋 義 則,70,50,6.75,1,0.05,,2,4,4611,今 井 美 亜,57,35,6.81,4,0.05,,3,6,4835,橋 本 明,37,64,6.93,6,0.07,,4,5,3081,岡 本 慎 治,29,44,6.93,5,0.01,,,,,,,,,,,,,,,,,,,,,
136,予選　　　　                 H1800m  曇り  風  北東　 1m  波　  1cm,,2025-12-24,大村,06R,,,,,,,,,,,,,,,,,,,,,,,,,,,,,,,,,,,1,1,5036,福 田 翔 吾,44,13,6.74,1,0.23,,2,5,4420,津久井 拓 也,58,56,6.74,5,0.21,,3,2,5075,中 島 秀 治,63,63,6.88,2,0.22,,4,3,3340,池 田 雷 太,48,32,6.87,3,0.21,,5,6,4211,村 田 敦 23,23,71,6.95,6,0.24,,6,4,5324,畑 田 希 咲 45,45,36,6.86,4,0.26,
137,予選　　　　                 H1800m  曇り  風  無風　 0m  波　  1cm,,2025-12-24,大村,07R,,,,,,,,,,,,,,,,,,,,,,,,,,,,,,,,,,,1,4,4401,小 林 泰,36,17,6.7,4,0.26,,2,5,4544,松 田 大志郎,61,15,6.84,5,0.22,,3,1,4082,濱 崎 誠,16,67,6.77,1,0.23,,4,3,3947,寺 本 昇 平,69,52,6.8,3,0.29,,5,2,4402,乙 藤 智 史 66,66,14,6.9,2,0.31,,6,6,5440,薗 頭 心 56,56,11,6.77,6,0.22,
138,予選　　　　                 H1800m  雨　  風  無風　 0m  波　  1cm,,2025-12-24,大村,08R,,,,,,,,,,,,,,,,,,,,,,,,,,,,,,,,,,,1,4,3158,島 川 光 男,34,73,6.77,4,0.16,,2,1,4723,寺 島 吉 彦,60,28,6.72,1,0.27,,3,6,5050,木 下 雄 介,12,70,6.84,6,0.19,,4,3,4703,森 永 隆,53,16,6.74,3,0.16,,5,5,3370,坪 内 実 26,26,53,6.87,5,0.16,,6,2,5022,伊 藤 尚 汰 72,72,27,6.78,2,0.17,
139,予選特賞　　                 H1800m  曇り  風  東　　 1m  波　  1cm,,2025-12-24,大村,09R,,,,,,,,,,,,,,,,,,,,,,,,,,,,,,,,,,,1,1,4611,今 井 美 亜,57,35,6.75,1,0.12,,2,2,4987,島 倉 都,31,29,6.77,2,0.15,,3,5,5287,滝 沢 織 寧,41,26,6.75,5,0.15,,4,3,5194,大久保 佑 香,47,39,7.02,3,0.14,,5,4,5251,沼 田 七 華 11,11,51,6.82,4,0.18,,6,6,5306,河 内 悠利杏 68,68,18,6.86,6,0.18,
1310,R       予選特賞　　                 H1800m  曇り  風  北　　 1m  波　  1cm,,2025-12-24,大村,10R,,,,,,,,,,,,,,,,,,,,,,,,,,,,,,,,,,,1,3,4790,柳 内 敬 太,55,34,6.85,3,0.23,,2,2,4211,村 田 敦,23,71,6.99,2,0.29,,3,4,3664,鈴 木 賢 一,46,25,6.94,4,0.28,,4,6,4995,田 邉 亮 蔵,40,60,6.85,6,0.24,,5,5,3562,山 下 和 彦 19,19,22,6.87,5,0.28,,,,,,,,,,,
1311,R       予選特選　　                 H1800m  曇り  風  北東　 1m  波　  1cm,,2025-12-24,大村,11R,,,,,,,,,,,,,,,,,,,,,,,,,,,,,,,,,,,1,4,3629,浅 見 昌 克,15,12,6.85,4,0.03,,2,2,4420,津久井 拓 也,58,56,6.79,2,0.13,,3,3,4835,橋 本 明,37,64,6.9,3,0.12,,4,1,5135,仲 航 太,65,31,6.79,1,0.05,,5,6,4402,乙 藤 智 史 66,66,14,7.02,6,0.21,,6,5,5120,山 本 稔太朗 49,49,30,6.93,5,0.17,
1312,R       サンスポＤＲ                 H1800m  曇り  風  無風　 0m  波　  1cm,,2025-12-24,大村,12R,,,,,,,,,,,,,,,,,,,,,,,,,,,,,,,,,,,1,1,4544,松 田 大志郎,61,15,6.8,1,0.14,,2,2,4002,古 結 宏,35,58,6.87,2,0.2,,3,3,4539,金 子 賢 志,27,47,6.71,3,0.18,,4,6,5075,中 島 秀 治,63,63,6.76,6,0.19,,5,4,3612,馬 袋 義 則 70,70,50,6.81,4,0.22,,6,5,4703,森 永 隆 53,53,16,6.92,5,0.2,
131,みくにあさイ                 H1800m  曇り  風  南東　 1m  波　  1cm,,2025-12-24,大村,01R,,,,,,,,,,,,,,,,,,,,,,,,,,,,,,,,,,,1,1,4561,藤 山 翔 大,52,60,6.75,1,0.16,,2,3,3448,高 山 秀 雄,39,48,6.73,3,0.22,,3,4,5061,中 村 駿 平,19,61,6.75,4,0.22,,4,5,5302,秋 末 秦 悟,32,49,6.76,5,0.24,,5,6,5404,内 田 壮 33,33,19,6.77,6,0.29,,6,2,3569,増 田 進 68,68,14,6.87,2,0.19,
132,みくにあさガ                 H1800m  曇り  風  南東　 3m  波　  3cm,,2025-12-24,大村,02R,,,,,,,,,,,,,,,,,,,,,,,,,,,,,,,,,,,1,1,4102,益 田 啓 司,28,69,6.76,1,0.18,,2,4,4394,永 嶋 裕 一,60,42,6.82,4,0.11,,3,2,4528,黒 井 達 矢,25,67,6.76,2,0.21,,4,5,3439,大 平 誉史明,15,56,6.78,5,0.14,,5,6,3866,木 山 誠 一 29,29,53,6.82,6,0.13,,6,3,3620,信 濃 由 行 44,44,38,6.74,3,0.18,
133,みくにあさズ                 H1800m  曇り  風  南東　 1m  波　  1cm,,2025-12-24,大村,03R,,,,,,,,,,,,,,,,,,,,,,,,,,,,,,,,,,,1,5,5333,山 下 智 己,11,71,6.73,5,0.17,,2,3,3582,吉 川 昭 男,50,51,6.7,3,0.19,,3,2,4969,町 田 洸 希,49,34,6.71,2,0.22,,4,6,4403,木 下 大 將,30,72,6.78,6,0.18,,5,4,5381,有 山 望 57,57,57,6.64,4,0.19,,6,1,5112,砂 長 知 輝 34,34,58,6.7,1,0.15,
134,みくにあさ推                 H1800m  曇り  風  南東　 2m  波　  2cm,,2025-12-24,大村,04R,,,,,,,,,,,,,,,,,,,,,,,,,,,,,,,,,,,1,1,4137,君 島 秀 三,42,33,6.79,1,0.11,,2,4,4557,松 尾 光 広,55,29,6.82,4,0.34,,3,6,4776,竹 田 和 哉,70,12,6.84,6,0.39,,4,3,3350,藤 本 佳 史,13,68,6.84,3,0.21,,5,5,5376,吉 田 一 心 64,64,28,6.77,5,0.31,,6,2,5185,加 藤 優 弥 58,58,26,6.8,2,0.16,
135,予選　　　　                 H1800m  曇り  風  南東　 1m  波　  1cm,,2025-12-24,大村,05R,,,,,,,,,,,,,,,,,,,,,,,,,,,,,,,,,,,1,5,4042,丸 岡 正 典,66,15,6.76,5,0.12,,2,4,4747,山 戸 信 二,62,21,6.79,4,0.06,,3,3,4413,水 摩 敦,35,43,6.77,3,0.15,,4,2,3572,安 田 政 彦,46,32,6.86,2,0.12,,5,1,5257,西 丸 侑太朗 65,65,25,6.75,1,0.13,,6,6,5421,原 田 朱 理 51,51,45,6.79,6,0.36,
136,予選　　　　                 H1800m  曇り  風  南東　 1m  波　  1cm,,2025-12-24,大村,06R,,,,,,,,,,,,,,,,,,,,,,,,,,,,,,,,,,,1,2,3439,大 平 誉史明,15,56,6.74,2,0.16,,2,1,4643,近 江 翔 吾,23,70,6.78,1,0.08,,3,4,3686,鳥居塚 孝 博,43,52,6.76,4,0.12,,4,6,5325,澁 川 夏,54,16,6.82,6,0.21,,5,3,5102,原 田 雄 次 36,36,63,6.78,3,0.12,,6,5,5061,中 村 駿 平 19,19,61,6.79,5,0.18,
137,予選　　　　                 H1800m  曇り  風  南西　 1m  波　  1cm,,2025-12-24,大村,07R,,,,,,,,,,,,,,,,,,,,,,,,,,,,,,,,,,,1,2,4907,小 池 修 平,22,50,6.73,3,0.12,,2,1,3448,高 山 秀 雄,39,48,6.72,1,0.15,,3,3,4679,植 田 太 一,24,18,6.69,4,0.14,,4,4,4969,町 田 洸 希,49,34,6.77,5,0.13,,5,6,3070,山 室 展 弘 27,27,62,6.75,2,0.13,,6,5,4155,長 野 壮志郎 37,37,44,6.75,6,0.13,
138,予選　　　　                 H1800m  曇り  風  西　　 1m  波　  1cm,,2025-12-24,大村,08R,,,,,,,,,,,,,,,,,,,,,,,,,,,,,,,,,,,1,1,3643,米 田 隆 弘,48,46,6.81,1,0.21,,2,4,4391,松 田 祐 季,59,20,6.73,4,0.26,,3,2,5302,秋 末 秦 悟,32,49,6.79,2,0.26,,4,5,4583,古 田 祐 貴,14,13,6.74,5,0.31,,5,6,5381,有 山 望 57,57,57,6.68,6,0.41,,6,3,5009,大 賀 龍之介 47,47,41,6.79,3,0.29,
139,予選特賞　　                 H1800m  曇り  風  南東　 1m  波　  1cm,,2025-12-24,大村,09R,,,,,,,,,,,,,,,,,,,,,,,,,,,,,,,,,,,1,1,3350,藤 本 佳 史,13,68,6.83,1,0.19,,2,2,4527,高 野 心 吾,20,23,6.78,3,0.18,,3,6,3582,吉 川 昭 男,50,51,6.74,2,0.17,,4,3,4102,益 田 啓 司,28,69,6.74,4,0.19,,5,5,4413,水 摩 敦 35,35,43,6.77,6,0.12,,6,4,3569,増 田 進 68,68,14,6.84,5,0.17,
1310,R       予選特賞　　                 H1800m  曇り  風  南東　 1m  波　  1cm,,2025-12-24,大村,10R,,,,,,,,,,,,,,,,,,,,,,,,,,,,,,,,,,,1,3,5257,西 丸 侑太朗,65,25,6.79,3,0.28,,2,4,4561,藤 山 翔 大,52,60,6.82,4,0.29,,3,1,3620,信 濃 由 行,44,38,6.8,1,0.29,,4,5,5102,原 田 雄 次,36,63,6.8,5,0.37,,5,6,4557,松 尾 光 広 55,55,29,6.83,6,0.4,,6,2,5333,山 下 智 己 11,11,71,6.73,2,0.25,
1311,R       記者特選　　                 H1800m  曇り  風  南東　 1m  波　  1cm,,2025-12-24,大村,11R,,,,,,,,,,,,,,,,,,,,,,,,,,,,,,,,,,,1,2,4776,竹 田 和 哉,70,12,6.87,2,0.05,,2,3,3572,安 田 政 彦,46,32,6.85,3,0.19,,3,6,3686,鳥居塚 孝 博,43,52,6.76,6,0.18,,4,5,4679,植 田 太 一,24,18,6.72,5,0.18,,5,4,5112,砂 長 知 輝 34,34,58,6.81,4,0.15,,,,,,,,,,,
1312,R       シリーズ選抜                 H1800m  雨　  風  無風　 0m  波　  0cm,,2025-12-24,大村,12R,,,,,,,,,,,,,,,,,,,,,,,,,,,,,,,,,,,1,6,4907,小 池 修 平,22,50,6.77,4,0.19,,2,1,4391,松 田 祐 季,59,20,6.72,1,0.25,,3,2,4042,丸 岡 正 典,66,15,6.69,2,0.24,,4,4,4528,黒 井 達 矢,25,67,6.83,5,0.17,,5,5,4643,近 江 翔 吾 23,23,70,6.78,6,0.22,,6,3,4137,君 島 秀 三 42,42,33,6.8,3,0.19,
131,ツッキーレー                 H1800m  雨　  風  北西　 1m  波　  1cm,,2025-12-24,大村,01R,,,,,,,,,,,,,,,,,,,,,,,,,,,,,,,,,,,1,2,4489,岩 川 仁 士,73,55,6.83,2,0.13,,2,1,4934,佐々木 翔 斗,29,33,6.81,1,0.12,,3,3,5297,南 彩 寧,22,40,6.67,3,0.1,,4,6,3313,本 吉 正 樹,68,25,6.83,4,0.14,,5,5,4924,中 北 涼 70,70,22,6.88,6,0.2,,6,4,5383,中 村 楓 31,31,68,6.8,5,0.14,
132,予選　　　　                 H1800m  雨　  風  北西　 1m  波　  1cm,,2025-12-24,大村,02R,,,,,,,,,,,,,,,,,,,,,,,,,,,,,,,,,,,1,3,4461,安 田 吉 宏,72,63,6.85,3,0.12,,2,2,3591,後 藤 孝 義,63,20,6.84,2,0.13,,3,5,3444,香 月 大 介,43,65,6.84,5,0.05,,4,4,4897,深 見 亜由美,65,41,6.86,4,0.11,,5,1,3630,黒 田 誠 司 17,17,31,6.9,1,0.23,,6,6,5399,長 野 未 来 12,12,74,6.94,6,0.07,
133,予選　　　　                 H1800m  雨　  風  西　　 1m  波　  1cm,,2025-12-24,大村,03R,,,,,,,,,,,,,,,,,,,,,,,,,,,,,,,,,,,1,3,4409,坂 元 浩 仁,18,48,6.83,3,0.13,,2,1,4224,大 橋 栄里佳,37,38,6.78,1,0.15,,3,4,4685,島 村 隆 幸,38,52,6.84,4,0.14,,4,2,4424,松 尾 昂 明,59,57,6.72,2,0.14,,5,6,5136,濱 野 斗 馬 27,27,61,6.84,6,0.18,,6,5,5245,倉 富 大 誠 11,11,72,6.8,5,0.13,
134,予選　　　　                 H1800m  雨　  風  北西　 1m  波　  1cm,,2025-12-24,大村,04R,5R       ５ールドレー,H1800m,雨,北,1m,1cm,まくり,,,,,,,,,,,,,,,,,,,,,,,,,,,,1,4,4446,和 田 兼 輔,60,67,6.7,4,0.17,,2,1,4720,西 澤 日花里,40,62,6.82,1,0.2,,3,3,3997,北 村 征 嗣,30,50,6.88,3,0.21,,4,6,5049,松 井 友 汰,67,51,6.83,6,0.2,,5,2,4925,森 悠 稀 50,50,64,6.88,2,0.12,,6,5,5314,中 曽 瑠 華 69,69,59,6.94,5,0.39,
136,予選　　　　                 H1800m  雨　  風  北西　 1m  波　  1cm,,2025-12-24,大村,06R,,,,,,,,,,,,,,,,,,,,,,,,,,,,,,,,,,,1,1,4694,高 田 綾,26,19,6.88,1,0.11,,2,2,3557,太 田 和 美,39,47,6.8,2,0.12,,3,5,4588,田 中 京 介,62,35,6.81,5,0.14,,4,4,4489,岩 川 仁 士,73,55,6.86,4,0.11,,5,6,4772,石 丸 海 渡 20,20,32,6.8,6,0.13,,6,3,3591,後 藤 孝 義 63,63,20,6.87,3,0.13,
137,予選　　　　                 H1800m  雨　  風  北西　 1m  波　  1cm,,2025-12-24,大村,07R,,,,,,,,,,,,,,,,,,,,,,,,,,,,,,,,,,,1,5,3333,丸 尾 義 孝,46,39,6.99,4,0.14,,2,2,3484,芝 田 浩 治,24,44,6.87,2,0.21,,3,6,4532,秋 元 哲,61,60,6.99,5,0.13,,4,3,5245,倉 富 大 誠,11,72,6.84,6,0.17,,5,4,3444,香 月 大 介 43,43,65,6.84,3,0.11,,6,1,4924,中 北 涼 70,70,22,6.84,1,0.28,
138,予選　　　　                 H1800m  雨　  風  北西　 1m  波　  1cm,,2025-12-24,大村,08R,,,,,,,,,,,,,,,,,,,,,,,,,,,,,,,,,,,1,6,4570,前 田 聖 文,52,34,6.84,5,0.12,,2,2,5136,濱 野 斗 馬,27,69,6.82,2,0.14,,3,4,5049,松 井 友 汰,67,51,6.86,4,0.1,,4,1,3475,橋 本 久 和,16,45,6.83,1,0.17,,5,3,4897,深 見 亜由美 65,65,41,6.83,3,0.16,,6,5,5383,中 村 楓 31,31,68,6.89,6,0.12,
139,予選特賞　　                 H1800m  雨　  風  無風　 0m  波　  0cm,,2025-12-24,大村,09R,,,,,,,,,,,,,,,,,,,,,,,,,,,,,,,,,,,1,1,4568,廣 瀬 真 也,28,30,6.81,1,0.13,,2,3,4446,和 田 兼 輔,60,67,6.74,4,0.12,,3,5,4934,佐々木 翔 斗,29,33,6.87,5,0.15,,4,4,5298,水 谷 理 人,71,56,6.85,3,0.14,,5,2,3630,黒 田 誠 司 17,17,31,6.97,2,0.27,,6,6,3613,角 谷 健 吾 44,44,49,6.91,6,0.17,
1310,R       予選特賞　　                 H1800m  雨　  風  無風　 0m  波　  0cm,,2025-12-24,大村,10R,,,,,,,,,,,,,,,,,,,,,,,,,,,,,,,,,,,1,1,4345,西 舘 健,49,24,6.83,1,0.13,,2,3,4772,石 丸 海 渡,20,32,6.84,3,0.08,,3,5,4685,島 村 隆 幸,38,52,6.84,6,0.09,,4,2,5314,中 曽 瑠 華,69,59,7.02,2,0.07,,5,4,4729,佐 藤 謙史朗 21,21,66,6.9,4,0.2,,6,6,4824,松 井 洪 弥 47,47,54,6.87,5,0.09,
1311,R       予選特選　　                 H1800m  雨　  風  無風　 0m  波　  0cm,,2025-12-24,大村,11R,,,,,,,,,,,,,,,,,,,,,,,,,,,,,,,,,,,1,1,4925,森 悠 稀,50,64,6.84,1,0.08,,2,6,4424,松 尾 昂 明,59,57,6.72,6,0.14,,3,2,4532,秋 元 哲,61,60,7.04,2,0.09,,4,5,4144,石 塚 久 也,51,28,6.88,5,0.11,,5,3,3313,本 吉 正 樹 68,68,25,6.93,3,0.12,,6,4,4588,田 中 京 介 62,62,35,6.92,4,0.1,
1312,R       ツッキー選抜                 H1800m  雨　  風  無風　 0m  波　  0cm,,2025-12-24,大村,12R,,,,,,,,,,,,,,,,,,,,,,,,,,,,,,,,,,,1,1,3557,太 田 和 美,39,47,6.8,1,0.2,,2,2,4409,坂 元 浩 仁,18,48,6.87,2,0.2,,3,3,4570,前 田 聖 文,52,34,6.92,3,0.18,,4,4,3333,丸 尾 義 孝,46,39,6.9,4,0.25,,5,6,3997,北 村 征 嗣 30,30,50,6.9,6,0.27,,6,5,3692,竹 腰 正 樹 41,41,71,6.83,5,0.22,
131,朝トコ小判Ｒ                 H1800m  曇り  風  北　　 1m  波　  0cm,,2025-12-24,大村,01R,,,,,,,,,,,,,,,,,,,,,,,,,,,,,,,,,,,1,4,3544,豊 田 訓 靖,14,54,6.79,4,0.08,,2,1,4369,丹 下 将,44,44,6.84,1,0.09,,3,2,3896,上 田 洋 平,18,36,6.8,2,0.14,,4,6,4458,抹 香 雄 三,26,73,6.81,5,0.2,,5,5,4626,伊 藤 紘 章 23,23,66,6.86,6,0.23,,6,3,3922,菅 沼 佳 昭 25,25,51,6.73,3,0.18,
132,予選　　　　                 H1800m  曇り  風  北　　 1m  波　  0cm,,2025-12-24,大村,02R,,,,,,,,,,,,,,,,,,,,,,,,,,,,,,,,,,,1,5,5266,石 田 勇 斗,12,75,6.83,5,0.15,,2,1,4416,三 宅 健 太,19,42,6.79,1,0.15,,3,3,3911,鈴 木 猛,32,55,6.81,3,0.16,,4,2,3905,天 野 友 和,11,30,6.79,2,0.21,,5,6,4227,安 達 裕 樹 30,30,46,6.8,6,0.16,,6,4,5053,山 口 広 樹 22,22,17,6.83,4,0.13,
133,予選　　　　                 H1800m  曇り  風  北　　 1m  波　  0cm,,2025-12-24,大村,03R,,,,,,,,,,,,,,,,,,,,,,,,,,,,,,,,,,,1,2,3811,石 田 章 央,38,47,6.77,2,0.04,,2,5,4436,渋 谷 明 憲,57,72,6.81,5,0.11,,3,1,3827,今 泉 徹,34,14,6.79,1,0.06,,4,4,3931,黒 崎 竜 也,2,37,6.77,4,0.08,,5,3,3848,川 上 聡 介 28,28,63,6.86,3,0.08,,6,6,3434,松 尾 宣 邦 29,29,26,6.8,6,0.15,
134,予選　　　　                 H1800m  曇り  風  北　　 1m  波　  0cm,,2025-12-24,大村,04R,,,,,,,,,,,,,,,,,,,,,,,,,,,,,,,,,,,1,1,4988,牟 田 奨 太,17,39,6.78,1,0.13,,2,2,4732,堀 本 和 也,56,49,6.7,2,0.2,,3,3,4031,飯 島 誠,36,43,6.77,3,0.26,,4,4,4727,安 部 慎 一,55,62,6.81,4,0.14,,5,6,3499,市 川 哲 也 16,16,71,6.84,6,0.18,,6,5,5285,若 林 麗 39,39,12,6.71,5,0.15,
135,予選　　　　                 H1800m  曇り  風  北東　 2m  波　  1cm,,2025-12-24,大村,05R,,,,,,,,,,,,,,,,,,,,,,,,,,,,,,,,,,,1,1,3696,白 井 友 晴,43,60,6.8,1,0.18,,2,3,4407,鹿 島 敏 弘,37,23,6.78,4,0.25,,3,4,4514,上 條 嘉 嗣,15,27,6.79,3,0.23,,4,5,3544,豊 田 訓 靖,14,54,6.75,5,0.19,,5,6,4427,秦 英 悟 48,48,34,6.78,6,0.2,,6,2,4100,松 田 隆 司 9,9,52,6.76,2,0.18,
136,昼トコ小判Ｒ                 H1800m  雨　  風  北　　 1m  波　  0cm,,2025-12-24,大村,06R,,,,,,,,,,,,,,,,,,,,,,,,,,,,,,,,,,,1,1,5053,山 口 広 樹,22,17,6.79,1,0.1,,2,2,3957,大 谷 直 弘,27,59,6.81,2,0.18,,3,4,3641,一 瀬 明,47,31,6.83,4,0.27,,4,3,4903,吉 田 凌太朗,50,45,6.83,3,0.18,,5,6,3583,齋 藤 智 裕 45,45,65,6.86,6,0.22,,6,5,3430,角 浜 修 41,41,61,6.81,5,0.27,
137,予選　　　　                 H1800m  雨　  風  北　　 1m  波　  0cm,,2025-12-24,大村,07R,,,,,,,,,,,,,,,,,,,,,,,,,,,,,,,,,,,1,3,4911,片 岡 大 地,46,56,6.8,2,0.07,,2,1,4626,伊 藤 紘 章,23,66,6.81,1,0.1,,3,2,4710,福 田 宗 平,13,22,6.79,3,0.09,,4,5,3905,天 野 友 和,11,30,6.75,5,0.1,,5,6,4023,柴 田 友 和 33,33,25,6.8,6,0.13,,6,4,3848,川 上 聡 介 28,28,63,6.85,4,0.11,
138,予選　　　　                 H1800m  曇り  風  北　　 1m  波　  0cm,,2025-12-24,大村,08R,,,,,,,,,,,,,,,,,,,,,,,,,,,,,,,,,,,1,1,3911,鈴 木 猛,32,55,6.83,1,0.21,,2,3,3721,守 田 俊 介,8,64,6.92,3,0.22,,3,2,3931,黒 崎 竜 也,2,37,6.76,2,0.21,,4,5,3896,上 田 洋 平,18,36,6.83,6,0.27,,5,4,4031,飯 島 誠 36,36,43,6.83,4,0.21,,,,,,,,,,,
139,予選特賞　　                 H1800m  雨　  風  北　　 1m  波　  0cm,,2025-12-24,大村,09R,,,,,,,,,,,,,,,,,,,,,,,,,,,,,,,,,,,1,4,3811,石 田 章 央,38,47,6.77,4,0.13,,2,1,4727,安 部 慎 一,55,62,6.77,1,0.22,,3,3,3696,白 井 友 晴,43,60,6.82,3,0.18,,4,6,4369,丹 下 将,44,44,6.84,5,0.17,,5,5,3860,松 本 浩 貴 3,3,21,6.76,6,0.22,,6,2,5266,石 田 勇 斗 12,12,75,6.77,2,0.21,
1310,R       予選特賞　　                 H1800m  雨　  風  北　　 1m  波　  0cm,,2025-12-24,大村,10R,,,,,,,,,,,,,,,,,,,,,,,,,,,,,,,,,,,1,2,4416,三 宅 健 太,19,42,6.73,2,0.1,,2,1,5285,若 林 麗,39,12,6.75,1,0.1,,3,4,4903,吉 田 凌太朗,50,45,6.78,4,0.13,,4,3,4427,秦 英 悟,48,34,6.8,3,0.18,,5,6,3922,菅 沼 佳 昭 25,25,51,6.76,5,0.12,,6,5,3827,今 泉 徹 34,34,14,6.87,6,0.13,
1311,R       予選特選　　                 H1800m  雨　  風  北　　 1m  波　  0cm,,2025-12-24,大村,11R,,,,,,,,,,,,,,,,,,,,,,,,,,,,,,,,,,,1,1,4227,安 達 裕 樹,30,46,6.8,1,0.25,,2,4,3434,松 尾 宣 邦,29,26,6.84,4,0.19,,3,5,4732,堀 本 和 也,56,49,6.78,5,0.14,,4,6,4100,松 田 隆 司,9,52,6.85,6,0.25,,5,2,4023,柴 田 友 和 33,33,25,6.81,2,0.31,,6,3,3430,角 浜 修 41,41,61,6.83,3,0.3,
1312,R       予選特選　　                 H1800m  雨　  風  北　　 1m  波　  0cm,,2025-12-24,大村,12R,,,,,,,,,,,,,,,,,,,,,,,,,,,,,,,,,,,1,2,3499,市 川 哲 也,16,71,6.85,2,0.17,,2,1,3721,守 田 俊 介,8,64,6.92,1,0.13,,3,3,4458,抹 香 雄 三,26,73,6.87,3,0.15,,4,5,4911,片 岡 大 地,46,56,6.85,5,0.12,,5,6,4514,上 條 嘉 嗣 15,15,27,6.79,6,0.2,,6,4,3583,齋 藤 智 裕 45,45,65,6.8,4,0.1,
131,予選　　　　                 H1800m  雨　  風  北西　 2m  波　  1cm,,2025-12-24,大村,01R,,,,,,,,,,,,,,,,,,,,,,,,,,,,,,,,,,,1,1,4389,伊 藤 喜 智,46,11,6.58,1,0.12,,2,3,4318,桑 原 将 光,29,64,6.63,3,0.11,,3,2,3934,鋤 柄 貴 俊,60,30,6.7,2,0.12,,4,4,4837,酒 井 陽 祐,62,17,6.69,4,0.14,,5,5,4300,加 藤 綾 56,56,62,6.62,5,0.17,,6,6,5436,市 川 瑚 幸 16,16,13,6.62,6,0.32,
132,予選　　　　                 H1800m  曇り  風  北西　 2m  波　  1cm,,2025-12-24,大村,02R,,,,,,,,,,,,,,,,,,,,,,,,,,,,,,,,,,,1,1,5208,屋 良 龍 紀,54,76,6.58,1,0.23,,2,2,4644,山 田 亮 太,63,23,6.64,3,0.18,,3,3,4395,下 河 雅 史,28,32,6.62,4,0.21,,4,5,4060,島 田 一 生,64,58,6.58,6,0.19,,5,6,3362,間 嶋 仁 志 43,43,21,6.77,2,0.19,,6,4,5396,近 藤 来 希 61,61,69,6.58,5,0.17,
133,予選　　　　                 H1800m  曇り  風  北西　 2m  波　  1cm,,2025-12-24,大村,03R,,,,,,,,,,,,,,,,,,,,,,,,,,,,,,,,,,,1,2,4298,宮 下 元 胤,59,15,6.59,2,0.17,,2,4,4103,山 崎 善 庸,76,28,6.65,4,0.23,,3,5,3349,吉 田 一 郎,21,14,6.64,5,0.18,,4,3,3616,中 村 真,33,18,6.66,3,0.18,,5,6,5079,大 石 真 央 70,70,34,6.64,6,0.2,,6,1,3518,倉 田 郁 美 15,15,57,6.63,1,0.29,
134,予選　　　　                 H1800m  雨　  風  北西　 1m  波　  1cm,,2025-12-24,大村,04R,,,,,,,,,,,,,,,,,,,,,,,,,,,,,,,,,,,1,6,4877,鈴 谷 一 平,58,71,6.62,6,0.12,,2,3,3988,古 川 誠 之,52,75,6.69,3,0.23,,3,1,3105,内 山 文 典,20,66,6.65,1,0.32,,4,4,4836,大 谷 健 太,77,60,6.67,4,0.25,,5,2,3928,林 恵 祐 55,55,67,6.71,2,0.29,,6,5,5361,植 竹 玲 奈 65,65,29,6.67,5,0.33,
135,予選　　　　                 H1800m  雨　  風  北西　 1m  波　  1cm,,2025-12-24,大村,05R,,,,,,,,,,,,,,,,,,,,,,,,,,,,,,,,,,,1,4,4649,和 田 操 拓,71,27,6.7,4,0.08,,2,1,3161,古 場 輝 義,26,20,6.57,1,0.14,,3,6,4677,片 橋 幸 貴,40,22,6.65,6,0.12,,4,3,4837,酒 井 陽 祐,62,17,6.71,3,0.16,,5,5,3564,桑 原 啓 41,41,63,6.67,5,0.15,,,,,,,,,,,
136,予選　　　　                 H1800m  雨　  風  北西　 1m  波　  1cm,,2025-12-24,大村,06R,,,,,,,,,,,,,,,,,,,,,,,,,,,,,,,,,,,1,6,4512,高 野 哲 史,72,65,6.59,5,0.04,,2,4,3807,岡 部 哲,57,25,6.63,4,0.03,,3,2,3406,中 里 英 夫,19,72,6.68,2,0.03,,4,5,5415,阿 部 未 侑,47,59,6.71,6,0.03,,,,,,,,,,,,,,,,,,,,,
137,予選　　　　  進入固定       H1800m  雨　  風  北西　 1m  波　  1cm,,2025-12-24,大村,07R,,,,,,,,,,,,,,,,,,,,,,,,,,,,,,,,,,,1,3,4908,上 田 龍 星,36,12,6.58,3,0.22,,2,1,4090,中 村 尊,34,26,6.64,1,0.24,,3,4,4318,桑 原 将 光,29,64,6.73,4,0.21,,4,5,4550,石 岡 将 太,27,73,6.66,5,0.18,,5,6,5396,近 藤 来 希 61,61,69,6.65,6,0.29,,6,2,3392,小 森 信 雄 38,38,46,6.7,2,0.26,
138,予選　　　　                 H1800m  雨　  風  北西　 1m  波　  1cm,,2025-12-24,大村,08R,,,,,,,,,,,,,,,,,,,,,,,,,,,,,,,,,,,1,5,4506,稗 田 聖 也,31,16,6.67,5,0.18,,2,1,3349,吉 田 一 郎,21,14,6.69,1,0.22,,3,2,4218,吉 川 喜 継,35,61,6.67,2,0.19,,4,4,4300,加 藤 綾,56,62,6.75,4,0.2,,5,3,4060,島 田 一 生 64,64,58,6.69,3,0.18,,6,6,5361,植 竹 玲 奈 65,65,29,6.72,6,0.24,
139,予選特賞　　                 H1800m  雨　  風  北西　 1m  波　  1cm,,2025-12-24,大村,09R,,,,,,,,,,,,,,,,,,,,,,,,,,,,,,,,,,,1,1,4043,桐 本 康 臣,17,24,6.75,1,0.19,,2,4,3161,古 場 輝 義,26,20,6.65,4,0.22,,3,2,4395,下 河 雅 史,28,32,6.68,2,0.18,,4,3,3934,鋤 柄 貴 俊,60,30,6.77,3,0.14,,5,6,3655,本 橋 克 洋 39,39,33,6.73,6,0.3,,6,5,3518,倉 田 郁 美 15,15,57,6.7,5,0.25,
1310,R       予選特賞　　                 H1800m  雨　  風  北西　 1m  波　  1cm,,2025-12-24,大村,10R,,,,,,,,,,,,,,,,,,,,,,,,,,,,,,,,,,,1,1,4134,杉 山 貴 博,24,31,6.68,1,0.12,,2,3,3362,間 嶋 仁 志,43,21,6.81,3,0.16,,3,5,4298,宮 下 元 胤,59,15,6.58,5,0.24,,4,4,3406,中 里 英 夫,19,72,6.75,4,0.21,,5,2,4836,大 谷 健 太 77,77,60,6.67,2,0.18,,6,6,3277,齋 藤 勇 18,18,19,6.7,6,0.21,
1311,R       予選特選　　                 H1800m  雨　  風  北西　 1m  波　  1cm,,2025-12-24,大村,11R,,,,,,,,,,,,,,,,,,,,,,,,,,,,,,,,,,,1,1,4908,上 田 龍 星,36,12,6.58,1,0.09,,2,5,4319,三 宅 潤,32,74,6.66,6,0.15,,3,4,5079,大 石 真 央,70,34,6.69,4,0.08,,4,2,3988,古 川 誠 之,52,75,6.69,2,0.14,,5,6,4644,山 田 亮 太 63,63,23,6.78,5,0.14,,6,3,4677,片 橋 幸 貴 40,40,22,6.69,3,0.17,
1312,R       予選記者特選                 H1800m  雨　  風  北西　 1m  波　  1cm,,2025-12-24,大村,12R,,,,,,,,,,,,,,,,,,,,,,,,,,,,,,,,,,,1,3,4877,鈴 谷 一 平,58,71,6.73,3,0.13,,2,4,4090,中 村 尊,34,26,6.68,4,0.18,,3,5,3616,中 村 真,33,18,6.68,5,0.18,,4,6,4649,和 田 操 拓,71,27,6.72,6,0.15,,5,1,4218,吉 川 喜 継 35,35,61,6.67,1,0.23,,6,2,4306,畔 柳 俊 吾 22,22,56,6.71,2,0.15,
131,一般　　　　                 H1800m  雨　  風  北　　 3m  波　  1cm,,2025-12-24,大村,01R,,,,,,,,,,,,,,,,,,,,,,,,,,,,,,,,,,,1,3,4197,渥 美 卓 郎,52,46,6.78,3,0.25,,2,4,4270,岸 本 雄 貴,66,49,6.87,4,0.21,,3,1,3642,大 塚 浩 二,26,14,6.77,1,0.19,,4,6,4232,笠 雅 雄,65,41,6.73,6,0.24,,5,5,5355,萩 原 丈太朗 16,16,31,6.8,5,0.24,,6,2,4355,小 川 広 大 63,63,75,6.72,2,0.19,
132,一般　　　　                 H1800m  雨　  風  北東　 3m  波　  1cm,,2025-12-24,大村,02R,,,,,,,,,,,,,,,,,,,,,,,,,,,,,,,,,,,1,4,3952,中 澤 和 志,29,32,6.72,4,0.03,,2,3,5137,川 原 涼,38,39,6.62,3,0.04,,3,5,4457,神 田 達 也,64,27,6.83,5,0.12,,4,1,4631,新 井 英 孝,23,60,6.79,1,0.04,,5,6,5177,松 井 貫 太 5,5,56,6.69,6,0.1,,6,2,4421,森 作 広 大 61,61,36,6.77,2,0.13,
133,一般　　　　                 H1800m  曇り  風  北　　 3m  波　  1cm,,2025-12-24,大村,03R,,,,,,,,,,,,,,,,,,,,,,,,,,,,,,,,,,,1,1,4889,後 藤 盛 也,35,37,6.84,1,0.11,,2,2,3654,武 田 光 史,15,12,6.84,2,0.15,,3,4,4785,木 幡 純 也,54,28,6.79,4,0.16,,4,3,4336,松 田 竜 馬,57,65,6.86,3,0.12,,5,5,4151,下 河 誉 史 20,20,68,6.77,5,0.18,,6,6,5235,岩 田 凌 43,43,73,6.76,6,0.17,
134,一般　　　　                 H1800m  曇り  風  北　　 3m  波　  1cm,,2025-12-24,大村,04R,,,,,,,,,,,,,,,,,,,,,,,,,,,,,,,,,,,1,1,4689,豊 田 結,30,61,6.84,1,0.07,,2,2,5334,樫 葉 新 心,21,30,6.78,2,0.11,,3,5,5254,羽 田 妃 希,19,33,6.81,5,0.15,,4,3,5320,岩 崎 麗 子,1,16,6.82,3,0.15,,5,4,4569,中 澤 宏 奈 2,2,25,6.82,4,0.17,,6,6,4372,原 田 佑 実 8,8,26,6.89,6,0.14,
135,一般　　　　                 H1800m  曇り  風  北　　 2m  波　  1cm,,2025-12-24,大村,05R,,,,,,,,,,,,,,,,,,,,,,,,,,,,,,,,,,,1,1,4270,岸 本 雄 貴,66,49,6.81,1,0.14,,2,3,4215,吉 島 祥 之,33,48,6.73,3,0.15,,3,2,4516,野 口 勝 弘,50,47,6.79,2,0.23,,4,6,4430,永 田 秀 二,44,64,6.72,6,0.21,,5,4,3577,向 所 浩 二 13,13,63,6.7,4,0.22,,6,5,4954,内 山 峻 輔 47,47,71,6.76,5,0.18,
136,ランチタイム                 H1800m  曇り  風  北東　 1m  波　  1cm,,2025-12-24,大村,06R,,,,,,,,,,,,,,,,,,,,,,,,,,,,,,,,,,,1,1,4049,荒 川 健 太,27,45,6.67,1,0.19,,2,3,3642,大 塚 浩 二,26,14,6.77,3,0.11,,3,5,5388,佐 野 優 都,25,67,6.8,5,0.13,,4,6,3619,長谷川 充,62,40,6.83,6,0.2,,5,4,3690,河 合 三 弘 58,58,38,6.85,4,0.16,,6,2,4457,神 田 達 也 64,64,27,6.84,2,0.13,
137,一般　　　　                 H1800m  曇り  風  北　　 2m  波　  1cm,,2025-12-24,大村,07R,,,,,,,,,,,,,,,,,,,,,,,,,,,,,,,,,,,1,1,5140,吉 田 彩 乃,34,20,6.74,1,0.17,,2,2,5177,松 井 貫 太,5,56,6.77,2,0.21,,3,4,4209,藤 田 竜 弘,46,22,6.73,4,0.21,,4,3,5235,岩 田 凌,43,73,6.8,3,0.16,,5,6,4483,北 野 輝 季 14,14,43,6.8,6,0.18,,6,5,4355,小 川 広 大 63,63,75,6.83,5,0.21,
138,一般　　　　                 H1800m  曇り  風  北　　 2m  波　  1cm,,2025-12-24,大村,08R,,,,,,,,,,,,,,,,,,,,,,,,,,,,,,,,,,,1,1,5161,登 玉 隼 百,41,52,6.74,1,0.09,,2,2,4785,木 幡 純 也,54,28,6.84,2,0.14,,3,4,4151,下 河 誉 史,20,68,6.77,3,0.14,,4,6,4197,渥 美 卓 郎,52,46,6.83,4,0.15,,5,3,5254,羽 田 妃 希 19,19,33,6.7,5,0.17,,6,5,5320,岩 崎 麗 子 1,1,16,6.83,6,0.14,
139,一般特選　　                 H1800m  曇り  風  西　　 1m  波　  1cm,,2025-12-24,大村,09R,,,,,,,,,,,,,,,,,,,,,,,,,,,,,,,,,,,1,3,4889,後 藤 盛 也,35,37,6.75,3,0.17,,2,1,4215,吉 島 祥 之,33,48,6.8,1,0.18,,3,4,4232,笠 雅 雄,65,41,6.77,4,0.17,,4,6,4954,内 山 峻 輔,47,71,6.77,6,0.17,,5,2,4372,原 田 佑 実 8,8,26,6.71,2,0.18,,6,5,4631,新 井 英 孝 23,23,60,6.81,5,0.14,
1310,R       選抜戦　　　                 H1800m  雨　  風  北　　 1m  波　  1cm,,2025-12-24,大村,10R,,,,,,,,,,,,,,,,,,,,,,,,,,,,,,,,,,,1,2,3952,中 澤 和 志,29,32,6.67,2,0.17,,2,1,4430,永 田 秀 二,44,64,6.73,1,0.15,,3,3,5140,吉 田 彩 乃,34,20,6.63,3,0.18,,4,5,4336,松 田 竜 馬,57,65,6.83,5,0.21,,5,6,5137,川 原 涼 38,38,39,6.6,6,0.21,,6,4,4516,野 口 勝 弘 50,50,47,6.85,4,0.14,
1311,R       選抜戦　　　                 H1800m  雨　  風  無風　 0m  波　  0cm,,2025-12-24,大村,11R,,,,,,,,,,,,,,,,,,,,,,,,,,,,,,,,,,,1,1,4483,北 野 輝 季,14,43,6.7,1,0.14,,2,3,4209,藤 田 竜 弘,46,22,6.81,3,0.13,,3,4,5161,登 玉 隼 百,41,52,6.74,4,0.16,,4,6,4689,豊 田 結,30,61,6.74,6,0.12,,5,2,4049,荒 川 健 太 27,27,45,6.8,2,0.12,,6,5,3654,武 田 光 史 15,15,12,6.77,5,0.2,
1312,R       優勝戦　　　                 H1800m  曇り  風  北　　 2m  波　  1cm,,2025-12-24,大村,12R,,,,,,,,,,,,,,,,,,,,,,,,,,,,,,,,,,,1,1,3743,林 美 憲,49,72,6.75,1,0.17,,2,4,4239,竹 田 辰 也,53,58,6.84,4,0.21,,3,3,4809,外 崎 悟,28,59,6.79,3,0.22,,4,6,4985,井 本 昌 也,9,57,6.75,6,0.22,,5,2,3792,田 中 豪 32,32,70,6.78,2,0.21,,6,5,3627,井 上 恵 一 10,10,55,6.76,5,0.21,
131,一般戦　　　                 H1800m  雨　  風  無風　 0m  波　  0cm,,2025-12-24,大村,01R,,,,,,,,,,,,,,,,,,,,,,,,,,,,,,,,,,,1,1,4697,國 弘 翔 平,22,41,6.7,1,0.11,,2,3,4572,渡 部 悟,21,45,6.8,3,0.13,,3,5,5292,佐 藤 右 京,36,35,6.74,5,0.13,,4,4,3411,池 上 隆 行,60,68,6.83,4,0.1,,5,2,3982,福 田 理 57,57,72,6.79,2,0.17,,6,6,5432,安 藤 瑠 希 39,39,77,6.75,6,0.16,
132,一般戦　　　                 H1800m  雨　  風  無風　 0m  波　  0cm,,2025-12-24,大村,02R,,,,,,,,,,,,,,,,,,,,,,,,,,,,,,,,,,,1,2,4064,原 田 篤 志,52,70,6.7,1,0.11,,2,4,5343,小 林 礼 央,38,31,6.65,4,0.11,,2,5,5023,久 永 祥 平,27,56,6.79,5,0.12,,4,6,3596,河 上 年 昭,29,47,6.78,6,0.13,,5,3,3268,森 竜 也 44,44,55,6.89,2,0.22,,6,1,4406,幸 野 史 明 25,25,43,6.68,3,0.22,
133,一般戦　　　                 H1800m  雨　  風  無風　 0m  波　  0cm,,2025-12-24,大村,03R,,,,,,,,,,,,,,,,,,,,,,,,,,,,,,,,,,,1,1,5329,金 子 龍 斗,37,54,6.86,1,0.13,,2,3,5282,中 本 大 樹,47,37,6.74,3,0.15,,3,5,4630,岩 永 雅 人,58,33,6.76,5,0.14,,4,6,3870,寺 嶋 雄,41,25,6.76,6,0.15,,5,2,4133,高 橋 正 男 42,42,28,6.81,2,0.17,,6,4,5341,山 道 諄 也 55,55,73,6.78,4,0.16,
134,一般戦　　　                 H1800m  雨　  風  無風　 0m  波　  0cm,,2025-12-24,大村,04R,,,,,,,,,,,,,,,,,,,,,,,,,,,,,,,,,,,1,3,4351,里 岡 右 貴,43,71,6.83,3,0.12,,2,5,5178,成 貞 琳 平,59,40,6.76,5,0.47,,3,4,5269,山 口 晃 朋,45,24,6.77,4,0.24,,4,1,3558,山 本 浩 次,19,36,6.75,1,0.21,,5,2,3661,柳 瀬 興 志 26,26,53,6.68,2,0.19,,6,6,5424,熊 倉 幹 太 56,56,27,6.84,6,0.52,
135,ウインウイン                 H1800m  雨　  風  無風　 0m  波　  0cm,,2025-12-24,大村,05R,,,,,,,,,,,,,,,,,,,,,,,,,,,,,,,,,,,1,1,4887,富 澤 祐 作,28,65,6.74,1,0.13,,2,2,4957,竹之内 極,11,21,6.78,2,0.17,,3,4,4471,新 田 泰 章,24,16,6.75,4,0.24,,4,3,4339,平 瀬 城 啓,31,32,6.75,3,0.16,,5,6,4186,小 川 時 光 18,18,29,6.81,5,0.25,,6,5,5432,安 藤 瑠 希 39,39,77,6.69,6,0.27,
136,一般戦　　　                 H1800m  雨　  風  北西　 1m  波　  1cm,,2025-12-24,大村,06R,,,,,,,,,,,,,,,,,,,,,,,,,,,,,,,,,,,1,1,4417,服 部 剛,54,17,6.75,1,0.12,,2,3,4700,金 子 和 之,49,39,6.8,3,0.09,,3,2,3737,上 平 真 二,40,12,6.79,2,0.12,,4,6,3268,森 竜 也,44,55,6.91,6,0.14,,5,4,3982,福 田 理 57,57,72,6.81,4,0.08,,6,5,5343,小 林 礼 央 38,38,31,6.67,5,0.07,
137,ウインウイン                 H1800m  雨　  風  無風　 0m  波　  0cm,,2025-12-24,大村,07R,,,,,,,,,,,,,,,,,,,,,,,,,,,,,,,,,,,1,4,4406,幸 野 史 明,25,43,6.64,6,0.17,,2,1,4584,村 岡 賢 人,46,62,6.73,1,0.21,,3,3,5023,久 永 祥 平,27,56,6.86,3,0.21,,4,6,5282,中 本 大 樹,47,37,6.79,5,0.24,,5,2,5292,佐 藤 右 京 36,36,35,6.72,2,0.26,,6,5,4697,國 弘 翔 平 22,22,41,6.77,4,0.24,
138,一般戦　　　                 H1800m  雨　  風  無風　 0m  波　  0cm,,2025-12-24,大村,08R,,,,,,,,,,,,,,,,,,,,,,,,,,,,,,,,,,,1,3,5329,金 子 龍 斗,37,54,6.88,3,0.01,,2,2,3411,池 上 隆 行,60,68,6.77,2,0.02,,3,4,4572,渡 部 悟,21,45,6.77,4,0.04,,4,6,4142,平 野 和 明,23,34,6.76,5,0.07,,5,5,5424,熊 倉 幹 太 56,56,27,6.85,6,0.05,,,,,,,,,,,
139,戸田特選　　                 H1800m  雨　  風  北西　 1m  波　  1cm,,2025-12-24,大村,09R,,,,,,,,,,,,,,,,,,,,,,,,,,,,,,,,,,,1,3,3870,寺 嶋 雄,41,25,6.78,3,0.12,,2,6,4339,平 瀬 城 啓,31,32,6.82,6,0.17,,3,2,5064,品 川 二千翔,33,67,6.81,2,0.15,,4,1,3800,牧 宏 次,32,63,6.87,1,0.28,,5,4,4186,小 川 時 光 18,18,29,6.79,4,0.13,,6,5,5341,山 道 諄 也 55,55,73,6.83,5,0.14,
1310,R       選抜戦　　　                 H1800m  雨　  風  無風　 0m  波　  0cm,,2025-12-24,大村,10R,,,,,,,,,,,,,,,,,,,,,,,,,,,,,,,,,,,1,1,5269,山 口 晃 朋,45,24,6.78,1,0.15,,2,2,4700,金 子 和 之,49,39,6.83,2,0.25,,3,6,3661,柳 瀬 興 志,26,53,6.8,6,0.21,,4,3,4957,竹之内 極,11,21,6.69,3,0.19,,5,4,3737,上 平 真 二 40,40,12,6.84,4,0.25,,6,5,4887,富 澤 祐 作 28,28,65,6.84,5,0.2,
1311,R       選抜戦　　　                 H1800m  雨　  風  無風　 0m  波　  0cm,,2025-12-24,大村,11R,,,,,,,,,,,,,,,,,,,,,,,,,,,,,,,,,,,1,1,4471,新 田 泰 章,24,16,6.84,1,0.28,,2,3,4064,原 田 篤 志,52,70,6.82,3,0.23,,3,4,4133,高 橋 正 男,42,28,6.99,4,0.13,,4,2,4351,里 岡 右 貴,43,71,6.81,2,0.16,,5,5,4584,村 岡 賢 人 46,46,62,6.78,5,0.12,,6,6,4417,服 部 剛 54,54,17,6.82,6,0.2,
1312,R       優勝戦　　　                 H1800m  雨　  風  無風　 0m  波　  0cm,,2025-12-24,大村,12R,,,,,,,,,,,,,,,,,,,,,,,,,,,,,,,,,,,1,1,3497,後 藤 浩,61,76,6.77,1,0.12,,2,6,4384,鶴 本 崇 文,15,57,6.83,6,0.21,,3,3,4292,麻 生 慎 介,50,75,6.8,3,0.18,,4,4,4122,安 東 幸 治,53,49,6.86,4,0.19,,5,5,4376,藤 田 靖 弘 9,9,26,6.75,5,0.19,,6,2,4415,下 出 卓 矢 20,20,58,6.83,2,0.12,
