レースコード,タイトル,日次,レース日,レース場,レース回,レース名,距離(m),天候,風向,風速(m),波の高さ(cm),決まり手,単勝_艇番,単勝_払戻金,複勝_1着_艇番,複勝_1着_払戻金,複勝_2着_艇番,複勝_2着_払戻金,2連単_組番,2連単_払戻金,2連単_人気,2連複_組番,2連複_払戻金,2連複_人気,拡連複_1-2着_組番,拡連複_1-2着_払戻金,拡連複_1-2着_人気,拡連複_1-3着_組番,拡連複_1-3着_払戻金,拡連複_1-3着_人気,拡連複_2-3着_組番,拡連複_2-3着_払戻金,拡連複_2-3着_人気,3連単_組番,3連単_払戻金,3連単_人気,3連複_組番,3連複_払戻金,3連複_人気,1着_着順,1着_艇番,1着_登録番号,1着_選手名,1着_モーター番号,1着_ボート番号,1着_展示タイム,1着_進入コース,1着_スタートタイミング,1着_レースタイム,2着_着順,2着_艇番,2着_登録番号,2着_選手名,2着_モーター番号,2着_ボート番号,2着_展示タイム,2着_進入コース,2着_スタートタイミング,2着_レースタイム,3着_着順,3着_艇番,3着_登録番号,3着_選手名,3着_モーター番号,3着_ボート番号,3着_展示タイム,3着_進入コース,3着_スタートタイミング,3着_レースタイム,4着_着順,4着_艇番,4着_登録番号,4着_選手名,4着_モーター番号,4着_ボート番号,4着_展示タイム,4着_進入コース,4着_スタートタイミング,4着_レースタイム,5着_着順,5着_艇番,5着_登録番号,5着_選手名,5着_モーター番号,5着_ボート番号,5着_展示タイム,5着_進入コース,5着_スタートタイミング,5着_レースタイム,6着_着順,6着_艇番,6着_登録番号,6着_選手名,6着_モーター番号,6着_ボート番号,6着_展示タイム,6着_進入コース,6着_スタートタイミング,6着_レースタイム
201804222201,第１９回マスターズチャンピオン,第6日,2018/04/22,福岡,01R,一般戦,1800,晴,北,2,2,逃げ,1,200,1,130,4,170,1-4,900,3,1-4,720,3,1-4,220,4,1-3,140,1,3-4,230,5,1-4-3,2730,7,1-3-4,620,2,1,1,3188,日 高 逸 子,40,102,6.89,1,0.25,110.4,2,4,3529,松 本 勝 也,49,146,6.87,4,0.25,112.3,3,3,3319,山 崎 義 明,63,132,6.82,3,0.29,113.8,4,5,3514,山 一 鉄 也,58,124,6.81,5,0.25,114.7,5,2,3582,吉 川 昭 男,55,152,6.89,2,0.29,,6,6,3327,野長瀬 正 孝,50,157,6.83,6,0.31,
201804222202,第１９回マスターズチャンピオン,第6日,2018/04/22,福岡,02R,一般戦,1800,晴,北,2,2,まくり,2,380,2,130,1,120,2-1,720,3,1-2,300,1,1-2,140,2,2-3,130,1,1-3,170,3,2-1-3,1580,3,1-2-3,290,1,1,2,3679,飯 島 昌 弘,28,167,6.9,2,0.15,110.3,2,1,3297,藤 丸 光 一,27,166,6.84,1,0.2,112.1,3,3,3070,山 室 展 弘,20,147,6.82,3,0.16,112.8,4,5,3853,岩 崎 正 哉,66,128,6.92,5,0.21,114.5,5,6,3435,寺 田 千 恵,24,113,6.9,6,0.21,,6,4,3572,安 田 政 彦,61,150,6.93,4,0.2,
201804222203,第１９回マスターズチャンピオン,第6日,2018/04/22,福岡,03R,一般戦,1800,晴,北,2,2,差し,3,360,3,160,1,100,3-1,840,2,1-3,290,1,1-3,150,1,3-4,320,6,1-4,190,2,3-1-4,2560,6,1-3-4,500,1,1,3,3159,江 口 晃 生,44,109,6.84,2,0.19,110.7,2,1,3612,馬 袋 義 則,48,140,6.9,1,0.15,111.7,3,4,3022,西 山 昇 一,41,127,6.9,6,0.21,112.8,4,5,3541,三 嶌 誠 司,21,120,6.86,5,0.3,113.1,5,6,3200,熊 谷 直 樹,25,122,6.89,3,0.22,,6,2,3406,中 里 英 夫,34,105,6.89,4,0.31,
201804222204,第１９回マスターズチャンピオン,第6日,2018/04/22,福岡,04R,一般戦,1800,晴,北,2,2,差し,6,440,6,380,2,220,6-2,2010,10,2-6,940,5,2-6,260,5,4-6,360,6,2-4,200,3,6-2-4,4710,19,2-4-6,620,3,1,6,3024,西 島 義 則,23,162,6.85,2,0.22,110.9,2,2,3473,石 川 真 二,71,145,6.87,3,0.2,112.1,3,4,3554,仲 口 博 崇,32,119,6.86,4,0.36,114.1,4,1,3290,倉 谷 和 信,33,135,6.9,1,0.2,114.7,5,5,3256,三 角 哲 男,17,126,6.89,6,0.32,,6,3,3412,鈴 木 博,62,153,6.92,5,0.3,
201804222205,第１９回マスターズチャンピオン,第6日,2018/04/22,福岡,05R,一般戦,1800,晴,北,2,2,逃げ,1,120,1,100,2,180,1-2,390,2,1-2,240,1,1-2,210,2,1-6,410,7,2-6,870,13,1-2-6,3070,11,1-2-6,1440,7,1,1,3613,角 谷 健 吾,37,101,6.84,1,0.13,111.0,2,2,3349,吉 田 一 郎,60,163,6.79,2,0.08,112.4,3,6,3319,山 崎 義 明,63,132,6.84,6,0.06,113.0,4,3,3489,大 場 敏,22,131,6.86,3,0.1,113.9,5,4,3284,渡 邊 伸太郎,68,108,6.84,4,0.17,,6,5,3415,松 井 繁,13,110,6.89,5,0.14,
201804222206,第１９回マスターズチャンピオン,第6日,2018/04/22,福岡,06R,一般戦,1800,晴,北,2,3,差し,4,350,4,160,2,270,4-2,2040,8,2-4,1080,4,2-4,380,5,4-6,570,7,2-6,1100,13,4-2-6,10600,34,2-4-6,3360,12,1,4,3257,田 頭 実,30,143,6.89,4,0.09,118.0,2,2,3484,芝 田 浩 治,64,169,6.89,2,0.13,121.6,3,6,3822,平 尾 崇 典,35,144,6.84,6,0.15,123.2,4,5,3232,山 川 美由紀,14,114,6.92,5,0.15,126.8,5,1,3557,太 田 和 美,46,141,6.86,1,0.19,,,,,,,,,,,
201804222207,第１９回マスターズチャンピオン,第6日,2018/04/22,福岡,07R,一般戦,1800,晴,北,3,3,差し,2,590,2,110,1,110,2-1,1260,4,1-2,220,1,1-2,150,1,2-3,350,6,1-3,190,3,2-1-3,4420,15,1-2-3,470,2,1,2,3388,今 垣 光太郎,19,129,6.87,5,0.27,110.8,2,1,3556,田 中 信一郎,29,156,6.86,1,0.22,113.2,3,3,3606,川 北 浩 貴,54,164,6.9,2,0.25,114.7,4,4,3200,熊 谷 直 樹,25,122,6.93,6,0.24,115.7,5,5,3582,吉 川 昭 男,55,152,6.89,3,0.31,,6,6,3070,山 室 展 弘,20,147,6.86,4,0.32,
201804222208,第１９回マスターズチャンピオン,第6日,2018/04/22,福岡,08R,一般戦,1800,晴,北,2,3,,5,520,5,160,1,120,5-1,1710,8,1-5,550,2,1-5,230,4,3-5,340,7,1-3,200,2,5-1-3,4660,20,1-3-5,470,3,1,5,3854,吉 川 元 浩,43,142,6.9,5,0.12,111.4,2,1,3427,大 賀 広 幸,69,137,6.93,1,0.13,113.3,3,3,3795,金 子 龍 介,56,133,6.91,3,0.12,113.9,4,2,3265,今 村 暢 孝,67,151,6.94,2,0.13,114.7,5,4,3562,山 下 和 彦,72,116,6.95,4,0.15,,6,6,3406,中 里 英 夫,34,105,6.94,6,0.13,
201804222209,第１９回マスターズチャンピオン,第6日,2018/04/22,福岡,09R,一般戦,1800,晴,北,2,3,逃げ,1,170,1,140,3,160,1-3,490,1,1-3,280,1,1-3,160,1,1-5,300,5,3-5,240,4,1-3-5,1670,4,1-3-5,650,2,1,1,3573,前 本 泰 和,45,149,6.92,1,0.15,110.1,2,3,3473,石 川 真 二,71,145,6.91,3,0.09,112.4,3,5,3576,白 水 勝 也,16,155,6.88,5,0.14,113.1,4,2,3853,岩 崎 正 哉,66,128,6.95,4,0.18,113.8,5,6,3422,服 部 幸 男,53,117,6.96,6,0.13,,6,4,3159,江 口 晃 生,44,109,6.89,2,0.12,
201804222210,第１９回マスターズチャンピオン,第6日,2018/04/22,福岡,10R,特別選抜Ｂ戦,1800,晴,北,2,3,差し,2,620,2,460,3,570,2-3,3480,15,2-3,1700,7,2-3,340,7,1-2,180,3,1-3,180,2,2-3-1,9850,38,1-2-3,630,2,1,2,3022,西 山 昇 一,41,127,6.94,2,0.11,110.7,2,3,3284,渡 邊 伸太郎,68,108,6.92,4,0.16,112.0,3,1,3679,飯 島 昌 弘,28,167,6.95,1,0.02,112.2,4,4,3556,田 中 信一郎,29,156,6.92,5,0.15,115.0,5,5,3484,芝 田 浩 治,64,169,6.96,6,0.11,,6,6,3290,倉 谷 和 信,33,135,6.96,3,0.09,
201804222211,第１９回マスターズチャンピオン,第6日,2018/04/22,福岡,11R,特別選抜Ａ戦,1800,晴,北,2,3,差し,2,240,2,160,5,270,2-5,1930,9,2-5,1330,6,2-5,310,7,1-2,150,1,1-5,290,6,2-5-1,6370,25,1-2-5,760,3,1,2,3257,田 頭 実,30,143,6.91,2,0.11,111.2,2,5,3557,太 田 和 美,46,141,6.96,5,0.27,112.4,3,1,3388,今 垣 光太郎,19,129,6.92,1,0.16,114.4,4,4,3612,馬 袋 義 則,48,140,6.94,4,0.25,114.9,5,3,3554,仲 口 博 崇,32,119,6.89,3,0.24,,6,6,3613,角 谷 健 吾,37,101,6.96,6,0.31,
201804222212,第１９回マスターズチャンピオン,第6日,2018/04/22,福岡,12R,優勝戦,1800,晴,北,2,3,差し,2,510,2,260,3,410,2-3,2920,12,2-3,1700,7,2-3,360,6,2-4,330,4,3-4,360,5,2-3-4,9120,33,2-3-4,1650,7,1,2,3502,渡 邉 英 児,18,121,6.88,2,0.11,111.2,2,3,3499,市 川 哲 也,42,168,6.95,3,0.09,112.6,3,4,3555,野 添 貴 裕,15,111,6.86,4,0.12,114.4,4,6,3251,平 石 和 男,59,148,6.97,6,0.21,115.7,5,1,2992,今 村 豊,57,125,6.91,1,0.09,,6,5,3436,柏 野 幸 二,31,134,6.89,5,0.15,
201804222001,西日本スポーツ杯,第1日,2018/04/22,若松,01R,予選,1800,晴,北東,4,4,,3,540,3,170,1,170,3-1,970,4,1-3,280,1,1-3,160,1,2-3,190,3,1-2,190,3,3-1-2,3450,12,1-2-3,480,2,1,3,4812,西 野 雄 貴,44,53,6.95,3,0.14,110.2,2,1,4520,高 倉 孝 太,25,41,6.98,1,0.19,111.6,3,2,4021,吉 田 健太郎,2,56,7.01,2,0.14,113.5,4,4,4772,石 丸 海 渡,49,38,6.94,4,0.21,114.3,5,5,4007,榮 田 将 彦,28,24,7.0,5,0.26,,6,6,3926,大古場 貴,38,72,7.04,6,0.37,
201804222002,西日本スポーツ杯,第1日,2018/04/22,若松,02R,予選,1800,晴,北東,3,3,逃げ,1,200,1,300,4,220,1-4,2190,10,1-4,1650,8,1-4,430,6,1-6,500,7,4-6,500,7,1-4-6,12770,41,1-4-6,2740,14,1,1,3945,橋 口 真 樹,46,36,6.99,1,0.26,111.7,2,4,3875,廣 中 良 一,4,30,6.95,5,0.23,112.7,3,6,3123,中 西 宏 文,14,65,7.05,2,0.29,114.6,4,3,4802,中 田 達 也,20,40,6.88,4,0.19,114.9,5,2,4185,藤 原 真 也,1,37,6.94,3,0.24,,6,5,4162,竹 本 太 樹,57,16,7.0,6,0.24,
201804222003,西日本スポーツ杯,第1日,2018/04/22,若松,03R,予選,1800,晴,北東,3,3,差し,6,490,6,100,4,310,6-4,1850,10,4-6,1870,7,4-6,400,6,2-6,270,4,2-4,260,3,6-4-2,4620,19,2-4-6,850,4,1,6,3961,谷 村 一 哉,42,59,6.98,5,0.18,111.0,2,4,4034,西 原 明 生,23,54,6.97,4,0.2,111.9,3,2,4112,大久保 信一郎,61,75,6.97,2,0.25,112.7,4,1,3880,浅 見 宗 孝,51,51,7.0,1,0.21,115.3,5,3,3989,熊 本 英 一,26,49,6.98,3,0.26,,6,5,4970,井 町 泰,32,34,6.96,6,0.25,
201804222004,西日本スポーツ杯,第1日,2018/04/22,若松,04R,予選,1800,晴,北東,3,3,差し,2,170,2,110,1,110,2-1,590,2,1-2,230,1,1-2,190,4,2-6,120,1,1-6,240,5,2-1-6,1130,1,1-2-6,440,1,1,2,4080,山 崎 哲 司,15,23,7.0,2,0.1,110.2,2,1,3571,寺 本 武 司,16,18,6.99,1,0.14,112.4,3,6,3988,古 川 誠 之,53,28,6.91,6,0.14,112.6,4,5,3137,岩 井 範 光,41,29,6.99,5,0.14,115.3,5,4,3211,北 川 敏 弘,8,27,6.99,4,0.22,,6,3,4592,小 林 孝 弘,19,67,6.98,3,0.15,
201804222005,西日本スポーツ杯,第1日,2018/04/22,若松,05R,予選  進入固定,1800,晴,北東,4,4,逃げ,1,170,1,100,4,120,1-4,730,3,1-4,570,3,1-4,110,2,1-2,100,1,2-4,160,3,1-4-2,950,3,1-2-4,160,1,1,1,3968,茶 谷 信 次,13,64,6.97,1,0.04,110.4,2,4,4551,三 川 昂 暁,36,11,6.93,4,0.13,112.1,3,2,4072,森 永 淳,12,62,6.91,2,0.05,113.0,4,3,3829,落 合 純,9,58,6.93,3,0.12,114.2,5,6,4772,石 丸 海 渡,49,38,6.86,6,0.14,,6,5,4664,東 口 晃,33,13,7.02,5,0.11,
201804222006,西日本スポーツ杯,第1日,2018/04/22,若松,06R,予選,1800,晴,北東,3,3,まくり,5,1550,5,440,3,170,5-3,2840,10,3-5,1220,5,3-5,320,5,5-6,460,8,3-6,390,6,5-3-6,5760,21,3-5-6,1190,5,1,5,3381,滝 沢 芳 行,11,48,6.9,5,0.09,109.2,2,3,4571,菅 章 哉,24,57,6.91,3,0.14,111.2,3,6,4515,藤 田 浩 人,45,17,6.93,6,0.12,112.9,4,4,3926,大古場 貴,38,72,6.99,4,0.27,114.0,5,2,3123,中 西 宏 文,14,65,7.02,2,0.13,,6,1,2876,鈴 木 幸 夫,43,52,6.93,1,0.19,
201804222007,西日本スポーツ杯,第1日,2018/04/22,若松,07R,予選,1800,晴,北東,4,4,まくり,4,680,4,120,1,100,4-1,1320,7,1-4,400,2,1-4,140,2,3-4,150,3,1-3,110,1,4-1-3,2570,10,1-3-4,220,1,1,4,4757,山 田 祐 也,31,33,6.95,4,0.12,110.0,2,1,3631,田 添 康 介,56,22,6.93,1,0.28,111.7,3,3,4084,杉 山 正 樹,50,73,6.9,3,0.11,113.0,4,6,3333,丸 尾 義 孝,58,14,6.96,6,0.23,113.9,5,2,4007,榮 田 将 彦,28,24,6.94,2,0.16,,6,5,3891,谷 口 健 一,5,50,6.91,5,0.24,
201804222008,西日本スポーツ杯,第1日,2018/04/22,若松,08R,予選,1800,晴,北東,4,4,まくり,3,2180,3,140,1,110,3-1,1020,5,1-3,340,2,1-3,110,2,2-3,140,3,1-2,100,1,3-1-2,2320,8,1-2-3,160,1,1,3,4578,藤 山 雅 弘,39,55,6.94,3,0.15,109.4,2,1,3621,天 野 晶 夫,47,60,7.04,1,0.19,110.8,3,2,4067,永 井 源,54,74,6.9,2,0.22,112.9,4,6,3989,熊 本 英 一,26,49,6.97,6,0.18,113.9,5,5,3793,高 橋 真 吾,22,25,7.06,5,0.11,,6,4,4592,小 林 孝 弘,19,67,6.99,4,0.33,
201804222009,西日本スポーツ杯,第1日,2018/04/22,若松,09R,予選,1800,晴,北西,2,2,逃げ,1,100,1,100,5,150,1-5,480,3,1-5,550,3,1-5,220,3,1-2,150,2,2-5,410,6,1-5-2,1440,6,1-2-5,370,3,1,1,4144,石 塚 久 也,62,21,6.85,1,0.27,110.0,2,5,3968,茶 谷 信 次,13,64,7.01,4,0.22,111.5,3,2,4034,西 原 明 生,23,54,6.89,2,0.29,113.0,4,3,4624,高 田 明,29,69,6.85,3,0.28,113.9,5,6,3211,北 川 敏 弘,8,27,6.96,6,0.24,,6,4,4185,藤 原 真 也,1,37,6.92,5,0.28,
201804222010,西日本スポーツ杯,第1日,2018/04/22,若松,10R,予選特賞,1800,晴,北,1,1,,1,200,1,110,4,210,1-4,490,2,1-4,520,2,1-4,170,2,1-2,470,8,2-4,490,10,1-4-2,4220,16,1-2-4,1750,9,1,1,4112,大久保 信一郎,61,75,6.83,1,0.1,110.0,2,4,3988,古 川 誠 之,53,28,6.86,4,0.09,110.6,3,2,4162,竹 本 太 樹,57,16,6.84,2,0.12,112.3,4,5,4812,西 野 雄 貴,44,53,6.84,5,0.09,112.5,5,6,4757,山 田 祐 也,31,33,6.9,6,0.11,,6,3,4515,藤 田 浩 人,45,17,6.86,3,0.09,
201804222011,西日本スポーツ杯,第1日,2018/04/22,若松,11R,予選特選,1800,晴,北,1,1,,4,1030,4,350,3,730,4-3,9880,19,3-4,6160,12,3-4,870,10,4-6,270,4,3-6,1430,11,4-3-6,51830,80,3-4-6,11430,16,1,4,3333,丸 尾 義 孝,58,14,6.86,4,0.12,117.7,2,3,3875,廣 中 良 一,4,30,6.87,3,0.11,120.5,3,6,4578,藤 山 雅 弘,39,55,6.82,6,0.12,122.9,4,5,4021,吉 田 健太郎,2,56,6.88,5,0.09,125.2,5,2,4551,三 川 昂 暁,36,11,6.82,2,0.14,,,,,,,,,,,
201804222012,西日本スポーツ杯,第1日,2018/04/22,若松,12R,ドリーム戦,1800,晴,北,1,1,逃げ,1,200,1,100,4,330,1-4,510,3,1-4,500,3,1-4,220,4,1-3,220,3,3-4,340,6,1-4-3,1510,4,1-3-4,480,2,1,1,4072,森 永 淳,12,62,6.82,1,0.09,117.1,2,4,4144,石 塚 久 也,62,21,6.85,4,0.13,120.0,3,3,3961,谷 村 一 哉,42,59,6.87,3,0.12,122.1,4,6,4802,中 田 達 也,20,40,6.78,6,0.08,124.8,5,5,4084,杉 山 正 樹,50,73,6.9,5,0.12,,,,,,,,,,,
201804221801,２０１８ＢＯＡＴ　Ｂｏｙ　ＣＵＰ,第6日,2018/04/22,徳山,01R,モーニング一  進入固定,1800,晴,南西,1,1,逃げ,1,100,1,100,2,300,1-2,170,1,1-2,170,1,1-2,120,1,1-4,240,4,2-4,410,8,1-2-4,760,3,1-2-4,470,3,1,1,3908,重 成 一 人,14,33,6.9,1,0.06,110.8,2,2,4775,千 葉 真 弥,68,36,6.84,2,0.11,112.0,3,4,4924,中 北 涼,11,28,6.9,4,0.09,114.1,4,6,4895,門 間 雄 大,45,30,6.89,6,0.13,115.5,5,3,3108,松 本 真 吾,20,34,6.95,3,0.11,,6,5,3666,内 野 省 一,24,48,6.87,5,0.08,
201804221802,２０１８ＢＯＡＴ　Ｂｏｙ　ＣＵＰ,第6日,2018/04/22,徳山,02R,モーニング一,1800,晴,南西,2,2,逃げ,1,100,1,100,2,100,1-2,170,1,1-2,170,1,1-2,110,1,1-5,190,3,2-5,240,5,1-2-5,510,2,1-2-5,460,2,1,1,4433,川 野 芽 唯,41,61,6.87,1,0.14,110.4,2,2,3516,吉 原 聖 人,65,12,6.89,2,0.11,112.0,3,5,3361,岡 部 浩,12,25,6.9,4,0.08,113.0,4,3,4425,大 井 清 貴,29,46,6.94,3,0.12,113.6,5,6,3935,岩 津 徹 郎,50,56,6.92,5,0.08,,6,4,4963,實 森 美 祐,60,29,6.9,6,0.06,
201804221803,２０１８ＢＯＡＴ　Ｂｏｙ　ＣＵＰ,第6日,2018/04/22,徳山,03R,モーニング一,1800,晴,南西,1,1,逃げ,1,110,1,100,2,240,1-2,280,2,1-2,210,1,1-2,210,3,1-4,300,4,2-4,420,7,1-2-4,1190,6,1-2-4,660,5,1,1,4025,山 本 隆 幸,36,76,6.83,1,0.18,110.6,2,2,3797,岩 井 繁,48,54,6.92,2,0.16,112.6,3,4,4068,幸 田 智 裕,59,73,6.93,4,0.12,113.9,4,3,4618,乃 村 康 友,49,35,6.93,3,0.13,115.3,5,5,4134,杉 山 貴 博,66,51,6.98,5,0.14,,6,6,5019,柴 田 百 恵,15,57,6.95,6,0.17,
201804221804,２０１８ＢＯＡＴ　Ｂｏｙ　ＣＵＰ,第6日,2018/04/22,徳山,04R,モーニング一,1800,晴,南,2,2,逃げ,1,100,1,100,2,100,1-2,150,1,1-2,130,1,1-2,100,1,1-3,180,3,2-3,290,6,1-2-3,420,2,1-2-3,310,2,1,1,4168,石 野 貴 之,51,40,6.86,1,0.13,109.0,2,2,4823,中 村 桃 佳,54,67,6.92,2,0.13,111.1,3,3,3393,行 谷 吉 範,43,50,6.93,3,0.19,113.9,4,5,3825,宮 嵜 隆太郎,13,37,6.95,4,0.23,115.2,5,6,4187,香 川 友 尚,26,78,6.94,5,0.21,,6,4,4998,中 村 かなえ,37,66,6.92,6,0.22,
201804221805,２０１８ＢＯＡＴ　Ｂｏｙ　ＣＵＰ,第6日,2018/04/22,徳山,05R,一般,1800,晴,南西,2,2,差し,4,1380,4,490,1,100,4-1,5390,13,1-4,930,5,1-4,310,5,3-4,400,7,1-3,160,2,4-1-3,20870,40,1-3-4,580,3,1,4,3976,内 田 圭,35,68,6.91,4,0.15,110.3,2,1,4627,藤 原 菜 希,53,17,6.88,1,0.23,110.9,3,3,3558,山 本 浩 次,63,49,6.9,3,0.13,112.5,4,6,4427,秦 英 悟,21,43,6.91,5,0.11,114.4,5,2,4434,田 中 辰 彦,23,14,6.91,2,0.24,,6,5,4894,原 村 拓 也,70,41,6.93,6,0.09,
201804221806,２０１８ＢＯＡＴ　Ｂｏｙ　ＣＵＰ,第6日,2018/04/22,徳山,06R,一般,1800,晴,南西,3,3,,1,110,1,140,2,360,1-2,280,1,1-2,330,2,1-2,150,2,1-5,110,1,2-5,160,3,1-2-5,700,2,1-2-5,240,1,1,1,4193,郷 原 章 平,17,18,6.89,1,0.22,111.3,2,2,3935,岩 津 徹 郎,50,56,6.92,3,0.21,112.1,3,5,3931,黒 崎 竜 也,42,24,6.89,4,0.15,114.6,4,4,4293,鈴 木 智 啓,44,39,7.03,6,0.22,115.6,5,3,4924,中 北 涼,11,28,6.93,5,0.11,,6,6,2698,角 川 政 志,19,22,6.99,2,0.28,
201804221807,２０１８ＢＯＡＴ　Ｂｏｙ　ＣＵＰ,第6日,2018/04/22,徳山,07R,一般,1800,晴,南,3,3,逃げ,1,170,1,100,2,100,1-2,220,1,1-2,190,1,1-2,120,1,1-5,230,4,2-5,260,5,1-2-5,630,2,1-2-5,440,2,1,1,4226,村 田 浩 司,27,77,6.87,1,0.2,110.1,2,2,3666,内 野 省 一,24,48,6.95,2,0.16,112.9,3,5,4365,盛 本 真 輔,25,55,6.88,5,0.12,114.8,4,6,4963,實 森 美 祐,60,29,6.9,6,0.1,115.4,5,3,3825,宮 嵜 隆太郎,13,37,6.94,3,0.11,,6,4,3108,松 本 真 吾,20,34,6.93,4,0.06,
201804221808,２０１８ＢＯＡＴ　Ｂｏｙ　ＣＵＰ,第6日,2018/04/22,徳山,08R,一般,1800,晴,南西,3,3,差し,2,420,2,160,1,110,2-1,1290,5,1-2,260,2,1-2,120,2,2-4,310,9,2-6,250,7,2-1-4,4890,20,1-2-4,270,4,1,2,4425,大 井 清 貴,29,46,6.96,2,0.29,110.6,2,1,4650,中 山 雄 太,52,63,6.89,1,0.21,112.1,3,4,4775,千 葉 真 弥,68,36,6.91,4,0.3,114.2,3,6,4618,乃 村 康 友,49,35,6.96,6,0.22,114.2,5,3,4068,幸 田 智 裕,59,73,6.98,3,0.24,,6,5,3393,行 谷 吉 範,43,50,6.96,5,0.24,
201804221809,２０１８ＢＯＡＴ　Ｂｏｙ　ＣＵＰ,第6日,2018/04/22,徳山,09R,一般,1800,晴,南西,3,3,逃げ,1,140,1,110,2,190,1-2,620,2,1-2,420,2,1-2,200,2,1-3,260,3,2-3,1570,13,1-2-3,3080,12,1-2-3,1510,8,1,1,3361,岡 部 浩,12,25,6.93,1,0.12,111.3,2,2,4250,藤 川 利 文,46,38,6.94,2,0.16,112.7,3,3,3797,岩 井 繁,48,54,6.97,3,0.16,113.8,4,5,4823,中 村 桃 佳,54,67,6.89,5,0.2,115.3,5,4,3908,重 成 一 人,14,33,6.95,4,0.18,,6,6,3976,内 田 圭,35,68,6.92,6,0.15,
201804221810,２０１８ＢＯＡＴ　Ｂｏｙ　ＣＵＰ,第6日,2018/04/22,徳山,10R,選抜戦,1800,晴,南西,4,4,逃げ,1,170,1,100,5,140,1-5,600,3,1-5,350,2,1-5,170,2,1-6,640,9,5-6,1200,12,1-5-6,3810,14,1-5-6,2350,8,1,1,3931,黒 崎 竜 也,42,24,6.88,1,0.16,110.2,2,5,4168,石 野 貴 之,51,40,6.9,5,0.24,112.7,3,6,4627,藤 原 菜 希,53,17,6.91,6,0.14,113.4,4,2,4193,郷 原 章 平,17,18,6.97,2,0.19,114.9,5,3,3516,吉 原 聖 人,65,12,6.92,3,0.25,,6,4,3558,山 本 浩 次,63,49,6.92,4,0.22,
201804221811,２０１８ＢＯＡＴ　Ｂｏｙ　ＣＵＰ,第6日,2018/04/22,徳山,11R,選抜戦,1800,晴,南西,3,3,逃げ,1,110,1,100,2,180,1-2,240,1,1-2,200,1,1-2,110,1,1-5,220,3,2-5,700,11,1-2-5,1140,5,1-2-5,680,4,1,1,4427,秦 英 悟,21,43,6.86,1,0.07,110.8,2,2,4650,中 山 雄 太,52,63,6.85,2,0.05,112.2,3,5,4433,川 野 芽 唯,41,61,6.9,5,0.19,113.3,4,4,4226,村 田 浩 司,27,77,6.9,4,0.1,114.4,5,3,4134,杉 山 貴 博,66,51,6.99,3,0.11,,6,6,4025,山 本 隆 幸,36,76,6.88,6,0.11,
201804221812,２０１８ＢＯＡＴ　Ｂｏｙ　ＣＵＰ,第6日,2018/04/22,徳山,12R,優勝戦,1800,晴,南西,4,4,,4,670,4,340,1,110,4-1,2520,7,1-4,440,3,1-4,150,3,3-4,310,5,1-3,130,2,4-1-3,10250,25,1-3-4,510,3,1,4,4544,松 田 大志郎,58,75,6.87,4,0.09,111.0,2,1,4237,大 峯 豊,32,65,6.92,1,0.13,111.5,3,3,4659,木 下 翔 太,16,79,6.91,3,0.09,113.3,4,2,4042,丸 岡 正 典,69,42,6.9,2,0.14,114.1,5,5,4131,原 豊 土,56,32,6.95,5,0.14,,6,6,4572,渡 部 悟,39,45,6.99,6,0.14,
201804221601,Ｇ３第１７回シモデンカップ,第5日,2018/04/22,児島,01R,朝得ガァ〜コ,1800,晴,北東,1,1,逃げ,1,100,1,100,2,150,1-2,300,2,1-2,270,2,1-2,140,2,1-4,240,3,2-4,850,12,1-2-4,1160,5,1-2-4,660,4,1,1,4537,渡 邉 和 将,29,43,6.8,1,0.13,108.6,2,2,3614,谷 勝 幸,67,67,6.83,2,0.19,110.9,3,4,4058,野 末 智 一,61,25,6.91,4,0.23,112.5,4,6,3643,米 田 隆 弘,65,60,6.85,6,0.21,113.0,5,3,3850,小 川 知 行,19,51,6.8,3,0.17,,6,5,4393,田 中 孝 明,57,17,6.84,5,0.24,
201804221602,Ｇ３第１７回シモデンカップ,第5日,2018/04/22,児島,02R,一般,1800,晴,北東,2,3,,4,6000,3,1450,,,4-3,15290,24,3-4,4800,11,3-4,1090,12,4-5,1390,13,3-5,310,4,4-3-5,41670,84,3-4-5,4170,12,1,4,3066,田 中 定 雄,16,23,6.88,4,0.13,109.4,2,3,3860,松 本 浩 貴,62,31,6.79,3,0.26,110.5,3,5,4483,北 野 輝 季,28,33,6.77,5,0.04,111.8,4,2,3630,黒 田 誠 司,69,66,6.85,2,0.11,113.0,5,6,3156,金 子 良 昭,50,19,6.87,6,0.21,,6,1,3443,森 秋 光,41,13,6.79,1,0.18,
201804221603,Ｇ３第１７回シモデンカップ,第5日,2018/04/22,児島,03R,一般,1800,晴,南西,1,1,,1,190,1,100,4,130,1-4,490,2,1-4,350,2,1-4,150,3,1-2,100,1,2-4,130,2,1-4-2,620,2,1-2-4,160,1,1,1,3930,岸 本 隆,40,61,6.82,1,0.03,109.1,2,4,4359,横 川 聖 志,70,14,6.86,4,0.07,110.1,3,2,4264,長 尾 章 平,37,26,6.83,2,0.02,111.9,4,5,3730,塩 崎 優 司,25,65,6.87,5,0.14,113.6,5,6,3662,大 庭 元 明,20,40,6.93,6,0.13,,,,,,,,,,,
201804221604,Ｇ３第１７回シモデンカップ,第5日,2018/04/22,児島,04R,一般,1800,曇り,南西,3,3,差し,4,350,4,170,6,1050,4-6,3380,11,4-6,2040,8,4-6,360,7,4-5,210,1,5-6,330,6,4-6-5,7980,32,4-5-6,1370,6,1,4,4290,稲 田 浩 二,58,45,6.77,4,0.14,109.2,2,6,3075,中 村 裕 将,56,22,6.86,6,0.08,110.1,3,5,4036,金 田 諭,14,29,6.77,5,0.12,111.2,4,2,3868,尾 形 栄 治,60,71,6.81,2,0.12,112.6,5,3,3616,中 村 真,36,24,6.82,3,0.14,,6,1,4475,末 永 祐 輝,38,47,6.78,1,0.07,
201804221605,Ｇ３第１７回シモデンカップ,第5日,2018/04/22,児島,05R,一般,1800,曇り,南西,2,3,逃げ,1,140,1,100,5,160,1-5,530,2,1-5,450,2,1-5,160,2,1-3,120,1,3-5,170,3,1-5-3,960,2,1-3-5,230,1,1,1,4207,松 下 一 也,54,21,6.72,1,0.16,109.1,2,5,4061,萩 原 秀 人,12,52,6.77,5,0.08,109.7,3,3,3940,飯 山 泰,45,35,6.7,3,0.13,110.5,4,4,4852,川 原 祐 明,18,58,6.81,4,0.11,111.7,5,6,4305,金 子 拓 矢,34,49,6.78,6,0.08,,6,2,4393,田 中 孝 明,57,17,6.77,2,0.2,
201804221606,Ｇ３第１７回シモデンカップ,第5日,2018/04/22,児島,06R,昼得クラリス,1800,曇り,南西,1,3,,3,220,3,110,1,100,3-1,530,3,1-3,200,1,1-3,100,1,2-3,170,3,1-2,130,2,3-1-2,1190,3,1-2-3,170,1,1,3,3996,秋 山 直 之,26,69,6.8,3,0.12,107.3,2,1,3331,新 美 恵 一,51,46,6.76,1,0.16,109.2,3,2,4311,岡 村 仁,46,41,6.8,2,0.08,110.8,4,5,4432,黄金井 力 良,35,54,6.86,5,0.09,110.9,5,6,4095,福 来 剛,59,27,6.82,6,0.13,,6,4,3643,米 田 隆 弘,65,60,6.78,4,0.1,
201804221607,Ｇ３第１７回シモデンカップ,第5日,2018/04/22,児島,07R,一般,1800,晴,南西,2,3,逃げ,1,170,1,120,4,100,1-4,340,1,1-4,210,1,1-4,130,1,1-3,250,5,3-4,300,7,1-4-3,1460,4,1-3-4,610,3,1,1,4492,本 多 宏 和,32,73,6.83,1,0.11,108.1,2,4,4320,峰 竜 太,11,36,6.77,4,0.07,108.8,3,3,4486,野 村 誠,30,30,6.86,3,0.08,109.9,4,5,4052,興 津 藍,55,53,6.8,5,0.1,111.0,5,2,4469,土 山 卓 也,43,44,6.89,2,0.07,,6,6,3860,松 本 浩 貴,62,31,6.83,6,0.15,
201804221608,Ｇ３第１７回シモデンカップ,第5日,2018/04/22,児島,08R,一般,1800,晴,南西,1,3,逃げ,1,400,1,150,4,100,1-4,330,1,1-4,150,1,1-4,100,1,1-2,220,3,2-4,270,6,1-4-2,990,2,1-2-4,340,1,1,1,4424,松 尾 昂 明,53,39,6.84,1,0.06,108.2,2,4,3960,菊 地 孝 平,13,34,6.69,4,0.12,108.6,3,2,3662,大 庭 元 明,20,40,6.87,2,0.1,111.3,4,5,3868,尾 形 栄 治,60,71,6.74,5,0.16,111.8,5,3,3443,森 秋 光,41,13,6.79,3,0.15,,6,6,4073,大 橋 純一郎,66,72,6.82,6,0.22,
201804221609,Ｇ３第１７回シモデンカップ,第5日,2018/04/22,児島,09R,一般  進入固定,1800,晴,南,2,3,まくり,4,520,4,160,1,100,4-1,1000,4,1-4,310,1,1-4,170,1,4-6,820,12,1-6,460,7,4-1-6,4930,18,1-4-6,1380,5,1,4,4483,北 野 輝 季,28,33,6.7,4,0.05,107.3,2,1,3362,間 嶋 仁 志,68,18,6.83,1,0.16,109.7,3,6,4852,川 原 祐 明,18,58,6.81,6,0.19,111.1,4,3,3930,岸 本 隆,40,61,6.74,3,0.11,113.3,5,5,4092,岡 部 大 輔,49,20,6.76,5,0.22,,6,2,3616,中 村 真,36,24,6.79,2,0.14,
201804221610,Ｇ３第１７回シモデンカップ,第5日,2018/04/22,児島,10R,準優勝戦,1800,晴,南,3,3,逃げ,1,110,1,100,4,110,1-4,480,2,1-4,570,2,1-4,160,3,1-2,120,1,2-4,140,2,1-4-2,1060,4,1-2-4,220,1,1,1,3996,秋 山 直 之,26,69,6.79,1,0.15,107.0,2,4,3940,飯 山 泰,45,35,6.73,4,0.17,109.8,3,2,4061,萩 原 秀 人,12,52,6.73,2,0.14,111.0,4,5,4537,渡 邉 和 将,29,43,6.76,5,0.13,111.9,5,6,4475,末 永 祐 輝,38,11,6.75,6,0.12,,6,3,4359,横 川 聖 志,70,14,6.81,3,0.18,
201804221611,Ｇ３第１７回シモデンカップ,第5日,2018/04/22,児島,11R,準優勝戦,1800,晴,南西,2,3,逃げ,1,100,1,100,2,150,1-2,220,1,1-2,210,1,1-2,110,1,1-3,150,3,2-3,250,5,1-2-3,590,2,1-2-3,330,2,1,1,4320,峰 竜 太,11,36,6.75,1,0.14,108.0,2,2,4036,金 田 諭,14,29,6.73,2,0.17,109.2,3,3,4264,長 尾 章 平,37,26,6.74,3,0.12,111.1,4,4,4311,岡 村 仁,46,41,6.72,4,0.07,111.7,5,6,4207,松 下 一 也,54,21,6.78,6,0.1,,6,5,4469,土 山 卓 也,43,44,6.87,5,0.1,
201804221612,Ｇ３第１７回シモデンカップ,第5日,2018/04/22,児島,12R,準優勝戦,1800,晴,南西,1,1,逃げ,1,100,1,100,2,160,1-2,290,2,1-2,190,1,1-2,120,1,1-3,130,2,2-3,270,5,1-2-3,560,1,1-2-3,270,1,1,1,3960,菊 地 孝 平,13,34,6.72,1,0.11,107.7,2,2,4052,興 津 藍,55,53,6.84,2,0.1,108.5,3,3,4290,稲 田 浩 二,58,45,6.74,3,0.08,110.8,4,5,4424,松 尾 昂 明,53,39,6.8,5,0.06,111.6,5,6,4492,本 多 宏 和,32,73,6.83,6,0.09,,6,4,3331,新 美 恵 一,51,46,6.8,4,0.09,
201804221201,報知杯争奪第３６回全国地区選抜戦,第4日,2018/04/22,住之江,01R,一般戦,1800,曇り,,0,1,逃げ,1,100,1,110,3,470,1-3,320,2,1-3,390,2,1-3,160,2,1-6,200,3,3-6,280,6,1-3-6,1030,4,1-3-6,460,3,1,1,3392,小 森 信 雄,63,23,6.7,1,0.23,108.7,2,3,4202,浮 田 圭 浩,73,18,6.77,3,0.17,109.4,3,6,3948,大 町 利 克,33,64,6.85,5,0.17,111.7,4,2,4252,松 下 哲 也,60,27,6.73,2,0.19,114.3,5,4,4984,森 下 愛 梨,35,33,6.8,6,0.24,115.7,6,5,4891,寺 島 美 里,12,71,6.86,4,0.21,117.0
201804221202,報知杯争奪第３６回全国地区選抜戦,第4日,2018/04/22,住之江,02R,一般戦,1800,晴,,0,1,逃げ,2,230,2,100,4,140,2-4,770,4,2-4,380,1,2-4,170,1,2-6,540,11,4-6,750,14,2-4-6,5560,22,2-4-6,3780,11,1,2,3439,大 平 誉史明,32,61,6.84,1,0.15,108.6,2,4,3999,大 瀧 明日香,89,24,6.79,4,0.11,110.4,3,6,4345,西 舘 健,83,93,6.82,6,0.14,112.0,4,3,3471,赤 峰 和 也,62,83,6.82,3,0.2,112.9,5,5,3685,荒 井 輝 年,57,60,6.86,5,0.12,113.3,6,1,3889,須 藤 隆 雄,18,75,6.85,2,0.18,116.7
201804221203,報知杯争奪第３６回全国地区選抜戦,第4日,2018/04/22,住之江,03R,一般戦,1800,晴,,0,1,まくり,3,730,3,240,4,240,3-4,1020,3,3-4,510,3,3-4,210,3,3-5,450,8,4-5,450,8,3-4-5,2430,6,3-4-5,690,3,1,3,4638,小 林 遼 太,68,90,6.73,3,0.12,108.7,2,4,3629,浅 見 昌 克,37,31,6.77,4,0.07,110.4,3,5,2942,瀬 尾 達 也,15,66,6.8,5,0.08,112.2,4,2,3892,草 場 康 幸,86,37,6.81,2,0.17,113.7,5,1,4147,石 田 一 吉,74,94,6.73,1,0.14,114.8,6,6,4997,濱 崎 寿里矢,14,72,6.78,6,0.1,115.9
201804221204,報知杯争奪第３６回全国地区選抜戦,第4日,2018/04/22,住之江,04R,一般戦,1800,晴,,0,1,差し,4,230,4,170,3,200,4-3,830,3,3-4,260,1,3-4,160,1,4-5,280,5,3-5,300,7,4-3-5,1880,4,3-4-5,620,2,1,4,3737,上 平 真 二,13,22,6.83,4,0.25,108.9,2,3,4441,末 永 由 楽,25,84,6.89,3,0.2,110.1,3,5,3986,沖 島 広 和,61,38,6.79,5,0.19,112.5,4,2,4518,大須賀 友,16,88,6.75,2,0.2,112.7,5,1,4145,小 澤 学,24,50,6.77,1,0.3,112.9,6,6,3626,中 林 秀 人,30,89,6.81,6,0.17,115.3
201804221205,報知杯争奪第３６回全国地区選抜戦,第4日,2018/04/22,住之江,05R,住之江ファイ,1800,晴,,0,1,逃げ,1,150,1,160,5,550,1-5,650,3,1-5,500,2,1-5,200,4,1-3,100,1,3-5,250,6,1-5-3,1530,5,1-3-5,380,2,1,1,3978,齊 藤 仁,75,82,6.7,1,0.1,109.0,2,5,4888,金 児 隆 太,17,14,6.73,4,0.11,110.0,3,3,4580,長谷川 雅 和,87,65,6.82,3,0.19,111.9,4,6,4281,大 澤 大 夢,84,68,6.81,5,0.19,114.0,5,2,4368,山 口 隆 史,78,15,6.73,2,0.31,115.9,6,4,4940,白 石 有 美,53,35,6.88,6,0.15,117.0
201804221206,報知杯争奪第３６回全国地区選抜戦,第4日,2018/04/22,住之江,06R,一般戦,1800,晴,,0,1,,5,350,5,150,3,220,5-3,1340,6,3-5,820,5,3-5,360,6,4-5,330,4,3-4,770,11,5-3-4,4250,15,3-4-5,910,3,1,5,4444,桐 生 順 平,81,79,6.83,5,0.18,109.0,2,3,3448,高 山 秀 雄,34,51,6.77,3,0.16,110.0,3,4,4488,小 山 勉,76,11,6.72,4,0.16,112.6,4,2,4559,西 川 昌 希,22,19,6.75,2,0.2,113.0,5,1,4913,清 水 さくら,23,10,6.73,1,0.39,113.1,6,6,4774,丸 山 龍太郎,65,25,6.71,6,0.14,116.1
201804221207,報知杯争奪第３６回全国地区選抜戦,第4日,2018/04/22,住之江,07R,一般戦,1800,晴,,0,1,,3,530,3,100,1,100,3-1,970,4,1-3,180,1,1-3,140,1,2-3,190,5,1-2,150,3,3-1-2,4010,15,1-2-3,440,2,1,3,4502,遠 藤 エ ミ,79,92,6.84,3,0.19,108.9,2,1,4494,河 合 佑 樹,29,28,6.86,1,0.16,109.2,3,2,4435,服 部 達 哉,55,32,6.81,2,0.22,111.3,4,5,3629,浅 見 昌 克,37,31,6.82,5,0.16,112.1,5,6,4167,片 岡 秀 樹,82,67,6.88,6,0.18,114.0,6,4,4252,松 下 哲 也,60,27,6.89,4,0.18,115.5
201804221208,報知杯争奪第３６回全国地区選抜戦,第4日,2018/04/22,住之江,08R,一般戦,1800,晴,,0,1,逃げ,1,100,1,100,2,100,1-2,180,1,1-2,170,1,1-2,170,2,1-4,340,6,2-4,690,8,1-2-4,1100,4,1-2-4,480,3,1,1,4075,中 野 次 郎,88,55,6.7,1,0.15,109.4,2,2,3986,沖 島 広 和,61,38,6.82,2,0.1,110.1,3,4,3444,香 月 大 介,69,29,6.78,4,0.08,111.9,4,5,3800,牧 宏 次,72,87,6.79,5,0.17,112.3,5,3,4321,岩 田 優 一,85,59,6.78,3,0.07,114.0,6,6,4050,田 口 節 子,50,80,6.88,6,0.26,115.5
201804221209,報知杯争奪第３６回全国地区選抜戦,第4日,2018/04/22,住之江,09R,準優勝戦,1800,晴,,0,1,逃げ,1,140,1,100,4,110,1-4,680,3,1-4,550,3,1-4,210,3,1-3,160,2,3-4,430,8,1-4-3,2230,8,1-3-4,570,3,1,1,4580,長谷川 雅 和,87,65,6.81,1,0.14,109.3,2,4,4441,末 永 由 楽,25,84,6.85,4,0.12,109.7,3,3,4559,西 川 昌 希,22,19,6.83,3,0.08,111.6,4,6,3471,赤 峰 和 也,62,83,6.9,6,0.12,111.9,5,2,4281,大 澤 大 夢,84,68,6.79,2,0.11,114.5,6,5,4638,小 林 遼 太,68,90,6.81,5,0.09,117.0
201804221210,報知杯争奪第３６回全国地区選抜戦,第4日,2018/04/22,住之江,10R,準優勝戦,1800,晴,,0,1,差し,2,940,2,180,1,110,2-1,930,4,1-2,180,1,1-2,140,2,2-5,180,4,1-5,130,1,2-1-5,2460,8,1-2-5,260,1,1,2,3737,上 平 真 二,13,22,6.84,2,0.11,107.9,2,1,4502,遠 藤 エ ミ,79,92,6.81,1,0.14,108.6,3,5,3978,齊 藤 仁,75,82,6.87,5,0.24,111.3,4,4,3448,高 山 秀 雄,34,51,6.82,4,0.16,112.6,5,3,2942,瀬 尾 達 也,15,66,6.83,3,0.05,114.5,6,6,3392,小 森 信 雄,63,23,6.86,6,0.41,116.7
201804221211,報知杯争奪第３６回全国地区選抜戦,第4日,2018/04/22,住之江,11R,準優勝戦,1800,晴,北東,1,1,逃げ,1,100,1,100,2,120,1-2,170,1,1-2,140,1,1-2,130,1,1-4,260,4,2-4,340,5,1-2-4,480,2,1-2-4,330,2,1,1,4444,桐 生 順 平,81,79,6.73,1,0.17,108.1,2,2,4075,中 野 次 郎,88,55,6.76,2,0.19,109.6,3,4,4518,大須賀 友,16,88,6.81,4,0.24,111.9,4,3,4494,河 合 佑 樹,29,28,6.93,3,0.2,112.1,5,5,3892,草 場 康 幸,86,37,6.85,5,0.35,113.7,6,6,3439,大 平 誉史明,32,61,6.93,6,0.34,115.3
201804221212,報知杯争奪第３６回全国地区選抜戦,第4日,2018/04/22,住之江,12R,一般戦,1800,晴,,0,1,逃げ,1,120,1,100,2,140,1-2,220,1,1-2,200,2,1-2,130,2,1-3,130,1,2-3,160,4,1-2-3,400,2,1-2-3,180,1,1,1,3999,大 瀧 明日香,89,24,6.83,1,0.24,114.7,2,2,4913,清 水 さくら,23,10,6.81,2,0.22,117.0,3,3,4050,田 口 節 子,50,80,6.81,3,0.22,119.0,4,5,4940,白 石 有 美,53,35,6.96,4,0.17,121.0,5,4,4997,濱 崎 寿里矢,14,72,6.9,6,0.24,123.1,,,,,,,,,,
201804221001,Ｇ３オールレディース　三国レディースカップ,第3日,2018/04/22,三国,01R,みくにあさイ,1800,晴,西,1,1,逃げ,1,110,1,100,6,250,1-6,520,3,1-6,590,4,1-6,210,4,1-2,160,2,2-6,340,6,1-6-2,1390,7,1-2-6,390,2,1,1,4399,松 本 晶 恵,31,49,6.59,1,0.23,108.1,2,6,3693,栢 場 優 子,16,59,6.57,5,0.21,110.6,3,2,4687,宮 地 佐 季,18,45,6.6,2,0.21,111.9,4,4,4510,坂 本 奈 央,22,67,6.57,4,0.29,113.6,5,5,4974,安 井 瑞 紀,17,28,6.59,6,0.19,,6,3,4484,稲 生 夏 季,38,19,6.6,3,0.26,
201804221002,Ｇ３オールレディース　三国レディースカップ,第3日,2018/04/22,三国,02R,予選,1800,晴,西,1,1,逃げ,1,100,1,120,4,200,1-4,370,2,1-4,250,2,1-4,120,2,1-3,120,1,3-4,170,4,1-4-3,620,2,1-3-4,200,1,1,1,4482,守 屋 美 穂,60,21,6.61,1,0.06,108.2,2,4,4244,鈴 木 成 美,52,58,6.59,4,0.14,109.6,3,3,4286,平 田 さやか,66,65,6.57,3,0.08,112.2,4,5,4961,西 橋 奈 未,45,13,6.59,5,0.06,113.1,5,2,4275,菅 野 はやか,53,68,6.62,2,0.21,,,,,,,,,,,
201804221003,Ｇ３オールレディース　三国レディースカップ,第3日,2018/04/22,三国,03R,予選,1800,晴,西,2,1,逃げ,1,450,1,100,2,100,1-2,270,1,1-2,210,1,1-2,100,1,1-3,100,2,2-3,120,3,1-2-3,490,1,1-2-3,150,1,1,1,4224,大 橋 栄里佳,20,61,6.62,1,0.1,108.0,2,2,4123,細 川 裕 子,68,25,6.66,2,0.27,109.5,3,3,3802,森 岡 真 希,47,41,6.63,3,0.19,111.9,4,6,4373,若 狭 奈美子,23,35,6.67,5,0.26,113.4,5,5,4929,梅 内 夕貴奈,28,60,6.58,6,0.24,,6,4,4938,小 芦 るり華,51,16,6.7,4,0.22,
201804221004,Ｇ３オールレディース　三国レディースカップ,第3日,2018/04/22,三国,04R,予選,1800,晴,西,2,1,逃げ,1,170,1,140,2,110,1-2,450,3,1-2,170,1,1-2,170,2,1-5,330,5,2-5,330,6,1-2-5,3060,12,1-2-5,1010,5,1,1,4548,篠 木 亜衣花,19,33,6.72,1,0.06,109.5,2,2,4556,竹 井 奈 美,34,71,6.7,2,0.14,110.5,3,5,3357,福 島 陽 子,41,48,6.73,5,0.18,112.1,4,4,4893,渡 邉 真奈美,43,47,6.72,4,0.14,113.2,5,3,4447,深 川 麻奈美,44,42,6.72,3,0.16,,6,6,4965,福 岡 泉 水,39,70,6.68,6,0.15,
201804221005,Ｇ３オールレディース　三国レディースカップ,第3日,2018/04/22,三国,05R,予選,1800,晴,西,2,1,差し,2,190,2,130,5,220,2-5,900,6,2-5,550,4,2-5,170,3,1-2,160,2,1-5,260,6,2-5-1,3040,14,1-2-5,680,4,1,2,4519,清 水 沙 樹,26,53,6.62,2,0.11,108.1,2,5,4289,落 合 直 子,54,18,6.7,4,0.08,110.2,3,1,4385,鈴 木 祐美子,13,56,6.69,1,0.1,112.5,4,3,4065,金 田 幸 子,36,72,6.62,3,0.13,113.4,5,4,4783,木 村 詳 子,42,66,6.7,5,0.19,,6,6,4974,安 井 瑞 紀,17,28,6.76,6,0.37,
201804221006,Ｇ３オールレディース　三国レディースカップ,第3日,2018/04/22,三国,06R,予選,1800,晴,西,3,2,差し,2,120,2,100,1,160,2-1,780,4,1-2,430,3,1-2,140,2,2-5,120,1,1-5,350,8,2-1-5,1870,7,1-2-5,500,3,1,2,4190,長 嶋 万 記,67,23,6.63,2,0.11,108.2,2,1,4510,坂 本 奈 央,22,67,6.69,1,0.13,110.0,3,5,4501,樋 口 由加里,70,46,6.79,5,0.09,111.7,4,4,4773,中 川 り な,57,69,6.59,4,0.09,112.4,5,3,3469,潮 田 浩 子,65,27,6.63,3,0.16,,6,6,4993,下 野 京 香,14,64,6.68,6,0.12,
201804221007,Ｇ３オールレディース　三国レディースカップ,第3日,2018/04/22,三国,07R,予選,1800,晴,西,3,3,差し,5,580,5,100,1,100,5-1,290,2,1-5,120,1,1-5,100,1,5-6,120,2,1-6,140,4,5-1-6,660,2,1-5-6,200,1,1,5,3618,海 野 ゆかり,33,38,6.66,4,0.06,108.2,2,1,4286,平 田 さやか,66,65,6.65,1,0.04,110.2,3,6,4400,加 藤 奈 月,58,55,6.73,6,0.24,112.1,4,2,4806,佐 藤 享 子,49,63,6.65,2,0.06,115.1,5,4,4929,梅 内 夕貴奈,28,60,6.65,5,0.26,,,,,,,,,,,
201804221008,Ｇ３オールレディース　三国レディースカップ,第3日,2018/04/22,三国,08R,予選,1800,晴,西,3,2,差し,3,250,3,110,2,100,3-2,390,1,2-3,200,1,2-3,120,1,1-3,150,2,1-2,180,3,3-2-1,910,1,1-2-3,190,1,1,3,4123,細 川 裕 子,68,25,6.63,3,0.16,108.5,2,2,3611,岩 崎 芳 美,46,62,6.71,2,0.12,110.2,3,1,4687,宮 地 佐 季,18,45,6.68,1,0.17,112.6,4,5,4738,清 埜 翔 子,35,15,6.64,5,0.29,114.2,5,6,4961,西 橋 奈 未,45,13,6.68,6,0.28,,6,4,4965,福 岡 泉 水,39,70,6.65,4,0.41,
201804221009,Ｇ３オールレディース　三国レディースカップ,第3日,2018/04/22,三国,09R,予選,1800,晴,西,2,2,逃げ,1,340,1,200,6,180,1-6,3010,12,1-6,2060,7,1-6,400,6,1-4,860,9,4-6,1270,11,1-6-4,22860,48,1-4-6,5510,12,1,1,4484,稲 生 夏 季,38,19,6.71,1,0.11,109.4,2,6,4065,金 田 幸 子,36,72,6.72,5,0.15,110.9,3,4,4689,豊 田 結,48,40,6.7,4,0.2,112.5,4,3,4556,竹 井 奈 美,34,71,6.7,3,0.18,114.0,5,2,3802,森 岡 真 希,47,41,6.7,2,0.15,,6,5,4994,山 本 梨 菜,61,54,6.67,6,0.36,
201804221010,Ｇ３オールレディース　三国レディースカップ,第3日,2018/04/22,三国,10R,特賞,1800,晴,北西,2,1,,4,260,4,190,2,150,4-2,1430,6,2-4,760,4,2-4,140,3,1-4,100,1,1-2,130,2,4-2-1,2650,9,1-2-4,200,1,1,4,4190,長 嶋 万 記,67,23,6.67,4,0.19,108.1,2,2,4447,深 川 麻奈美,44,42,6.62,2,0.17,110.6,3,1,4289,落 合 直 子,54,18,6.65,1,0.14,110.7,4,6,4243,西 村 歩,15,52,6.71,6,0.28,112.0,5,3,3693,栢 場 優 子,16,59,6.61,3,0.17,,6,5,4938,小 芦 るり華,51,16,6.7,5,0.26,
201804221011,Ｇ３オールレディース　三国レディースカップ,第3日,2018/04/22,三国,11R,記者特選,1800,晴,北西,2,1,逃げ,1,150,1,100,4,120,1-4,260,1,1-4,200,1,1-4,100,1,1-2,150,2,2-4,180,4,1-4-2,550,1,1-2-4,210,1,1,1,4501,樋 口 由加里,70,46,6.71,1,0.08,108.5,2,4,4399,松 本 晶 恵,31,49,6.66,4,0.13,109.8,3,2,4746,大豆生田 蒼,32,12,6.58,2,0.07,111.9,4,5,4224,大 橋 栄里佳,20,61,6.62,5,0.16,112.0,5,3,4548,篠 木 亜衣花,19,33,6.71,3,0.09,,6,6,4275,菅 野 はやか,53,68,6.75,6,0.2,
201804221012,Ｇ３オールレディース　三国レディースカップ,第3日,2018/04/22,三国,12R,カニ坊選抜,1800,晴,西,3,3,差し,6,1350,6,480,5,1310,6-5,22670,25,5-6,9930,14,5-6,1870,14,3-6,540,6,3-5,800,10,6-5-3,145900,102,3-5-6,7780,16,1,6,4519,清 水 沙 樹,26,53,6.69,6,0.02,107.5,2,5,3469,潮 田 浩 子,65,27,6.65,5,0.09,109.6,3,3,4482,守 屋 美 穂,60,21,6.64,3,0.16,111.2,4,1,3618,海 野 ゆかり,33,38,6.58,1,0.26,112.3,5,2,3357,福 島 陽 子,41,48,6.64,2,0.24,,6,4,3611,岩 崎 芳 美,46,62,6.74,4,0.07,
201804220901,中日スポーツ津ボート大賞,第2日,2018/04/22,津,01R,ツッキーレー,1800,晴,東,2,1,逃げ,1,100,1,100,2,130,1-2,180,1,1-2,140,1,1-2,130,1,1-4,170,3,2-4,290,6,1-2-4,430,1,1-2-4,320,1,1,1,4308,河 村 了,59,72,6.69,1,0.09,110.6,2,2,3400,樋江井 愼 祐,68,14,6.71,2,0.08,111.8,3,4,3775,泉 啓 文,34,68,6.72,6,0.21,113.8,4,6,3235,鈴 木 唯 由,53,58,6.74,4,0.2,115.2,5,3,3916,深 澤 勉,69,45,6.79,3,0.07,,6,5,3965,北 中 元 樹,54,70,6.86,5,0.27,
201804220902,中日スポーツ津ボート大賞,第2日,2018/04/22,津,02R,予選,1800,晴,東,3,2,逃げ,1,140,1,100,4,150,1-4,560,2,1-4,460,2,1-4,230,2,1-6,590,8,4-6,590,8,1-4-6,3440,12,1-4-6,1110,5,1,1,3455,谷 本 幸 司,47,56,6.79,1,0.17,110.8,2,4,4788,小 池 哲 也,61,74,6.74,4,0.16,112.6,3,6,4728,山 口 亮,56,60,6.82,6,0.16,114.2,4,2,4538,笠 置 博 之,30,61,6.75,2,0.15,115.3,5,5,3065,増 田 弘 喜,64,66,6.78,5,0.16,,6,3,4663,籾 山 佳 岳,22,24,6.87,3,0.37,
201804220903,中日スポーツ津ボート大賞,第2日,2018/04/22,津,03R,予選,1800,晴,東,3,2,,4,470,4,180,2,100,4-2,2160,13,2-4,460,2,2-4,310,7,4-5,430,10,2-5,290,6,4-2-5,6010,30,2-4-5,970,5,1,4,4214,林 祐 介,57,64,6.76,4,0.17,110.8,2,2,3485,竹 村 祥 司,27,12,6.79,2,0.05,112.7,3,5,4119,泥 谷 一 毅,37,38,6.74,6,0.19,113.3,4,3,4681,太 田 潮,50,55,6.77,3,0.06,113.5,5,6,4500,山 田 康 二,31,59,6.78,5,0.16,,,,,,,,,,,
201804220904,中日スポーツ津ボート大賞,第2日,2018/04/22,津,04R,５ールドレー,1800,晴,東,2,1,逃げ,1,160,1,110,3,130,1-3,270,1,1-3,180,1,1-3,110,1,1-5,210,3,3-5,200,2,1-3-5,580,1,1-3-5,290,1,1,1,4436,渋 谷 明 憲,52,25,6.72,1,0.08,109.0,2,3,4101,三井所 尊 春,39,75,6.76,2,0.14,112.7,3,5,4109,谷 津 幸 宏,40,65,6.74,5,0.12,113.0,4,6,3865,関 道,58,48,6.8,6,0.13,115.0,5,2,4056,小 西 英 輝,49,15,6.81,3,0.12,,6,4,3882,新 田 智 彰,24,51,6.76,4,0.16,
201804220906,中日スポーツ津ボート大賞,第2日,2018/04/22,津,06R,予選,1800,晴,東,2,1,,3,380,4,520,,,3-4,4460,15,3-4,1870,9,3-4,1030,10,3-6,290,3,4-6,320,4,3-4-6,8240,27,3-4-6,690,3,1,3,4175,川 尻 泰 輔,60,16,6.84,1,0.11,113.6,2,4,3905,天 野 友 和,13,37,6.77,4,0.13,115.1,3,6,3941,池 田 浩 二,17,33,6.81,2,0.1,117.3,4,1,3775,泉 啓 文,34,68,6.78,3,0.16,125.2,,,,,,,,,,,,,,,,,,,,
201804220907,中日スポーツ津ボート大賞,第2日,2018/04/22,津,07R,予選,1800,晴,東,2,1,逃げ,1,180,1,160,4,190,1-4,760,5,1-4,350,3,1-4,210,4,1-3,170,3,3-4,160,2,1-4-3,1370,6,1-3-4,250,1,1,1,3170,谷 口 勝,21,47,6.73,1,0.26,110.5,2,4,3898,平 田 忠 則,51,57,6.77,4,0.15,112.2,3,3,4754,松 尾 充,65,13,6.74,3,0.14,112.8,4,5,3916,深 澤 勉,69,45,6.81,5,0.16,114.3,5,6,4430,永 田 秀 二,72,76,6.74,6,0.28,,6,2,4663,籾 山 佳 岳,22,24,6.86,2,0.22,
201804220908,中日スポーツ津ボート大賞,第2日,2018/04/22,津,08R,予選,1800,晴,東,1,1,差し,2,250,2,120,1,120,2-1,430,2,1-2,200,1,1-2,160,3,2-3,100,1,1-3,160,2,2-1-3,830,1,1-2-3,320,1,1,2,4308,河 村 了,59,72,6.72,2,0.07,110.2,2,1,4681,太 田 潮,50,55,6.76,1,0.08,110.9,3,3,4594,谷 川 祐 一,48,73,6.79,3,0.12,112.8,4,5,3742,宮 地 秀 祈,32,67,6.72,5,0.27,114.4,5,4,4538,笠 置 博 之,30,61,6.8,4,0.18,,6,6,3696,白 井 友 晴,12,39,6.81,6,0.18,
201804220909,中日スポーツ津ボート大賞,第2日,2018/04/22,津,09R,予選,1800,晴,東,2,1,差し,3,1870,3,410,4,210,3-4,3210,10,3-4,3000,8,3-4,540,8,1-3,220,4,1-4,160,2,3-4-1,11160,35,1-3-4,680,5,1,3,3455,谷 本 幸 司,47,56,6.79,3,0.38,110.8,2,4,4119,泥 谷 一 毅,37,38,6.69,4,0.34,111.7,3,1,3522,長 溝 一 生,44,63,6.72,1,0.34,113.5,4,5,4101,三井所 尊 春,39,75,6.77,6,0.42,114.7,5,6,3376,萩 原 善 行,23,11,6.74,5,0.4,,6,2,3353,前 田 光 昭,16,62,6.72,2,0.21,
201804220910,中日スポーツ津ボート大賞,第2日,2018/04/22,津,10R,予選特賞,1800,晴,東,1,1,まくり,2,620,2,580,3,260,2-3,3780,13,2-3,2030,6,2-3,640,8,2-4,1020,10,3-4,1210,13,2-3-4,33350,71,2-3-4,7200,15,1,2,4006,小 野 勇 作,62,49,6.75,2,0.19,110.0,2,3,4109,谷 津 幸 宏,40,65,6.76,3,0.16,110.5,3,4,4231,鈴 木 裕 隆,67,53,6.79,5,0.11,112.8,4,5,4500,山 田 康 二,31,59,6.81,4,0.1,114.2,5,6,4346,前 田 健太郎,15,71,6.75,6,0.06,,6,1,4175,川 尻 泰 輔,60,16,6.85,1,0.14,
201804220911,中日スポーツ津ボート大賞,第2日,2018/04/22,津,11R,予選特選,1800,晴,東,2,1,逃げ,1,190,1,100,3,100,1-3,270,1,1-3,180,1,1-3,100,1,1-2,190,3,2-3,210,5,1-3-2,890,3,1-2-3,300,2,1,1,4466,南 佑 典,33,46,6.72,1,0.18,110.0,2,3,3941,池 田 浩 二,17,33,6.73,3,0.18,111.1,3,2,4214,林 祐 介,57,64,6.73,2,0.22,113.0,4,4,4430,永 田 秀 二,72,76,6.71,4,0.28,113.3,5,6,3965,北 中 元 樹,54,70,6.89,6,0.29,,6,5,3882,新 田 智 彰,24,51,6.72,5,0.27,
201804220912,中日スポーツ津ボート大賞,第2日,2018/04/22,津,12R,ツッキー選抜,1800,晴,東,2,1,逃げ,1,100,1,100,2,140,1-2,180,1,1-2,160,1,1-2,120,1,1-3,150,2,2-3,230,4,1-2-3,560,1,1-2-3,280,1,1,1,3898,平 田 忠 則,51,57,6.77,1,0.03,109.2,2,2,3838,伊 藤 啓 三,19,41,6.78,2,0.05,111.6,3,3,4436,渋 谷 明 憲,52,25,6.73,3,0.07,112.6,4,4,3485,竹 村 祥 司,27,12,6.8,4,0.11,114.4,5,6,3905,天 野 友 和,13,37,6.82,6,0.23,,6,5,4594,谷 川 祐 一,48,73,6.77,5,0.13,
201804220801,中京スポーツ杯争奪全日本ファイターキング決定戦,第3日,2018/04/22,常滑,01R,一般,1800,晴,南,1,0,まくり,3,340,3,260,1,150,3-1,2130,7,1-3,550,2,1-3,180,3,3-4,270,6,1-4,250,5,3-1-4,6570,24,1-3-4,910,4,1,3,4630,岩 永 雅 人,45,21,6.74,3,0.15,110.9,2,1,3315,広 瀬 聖 仁,16,31,6.79,1,0.22,111.8,3,4,3305,小 野 信 樹,54,17,6.77,4,0.15,113.6,4,2,3542,清 水 紀 克,52,25,6.74,2,0.23,114.9,5,6,4844,村 上 奈 穂,57,55,6.78,6,0.41,,6,5,4793,金 子 萌,25,66,6.7,5,0.18,
201804220802,中京スポーツ杯争奪全日本ファイターキング決定戦,第3日,2018/04/22,常滑,02R,一般,1800,晴,南,1,0,差し,4,390,4,230,3,130,4-3,1810,11,3-4,760,3,3-4,270,4,4-6,510,8,3-6,550,9,4-3-6,7230,31,3-4-6,1260,5,1,4,4565,西 村 豪 洋,9,41,6.78,4,0.21,110.3,2,3,4363,大 野 芳 顕,19,50,6.81,3,0.23,111.6,3,6,4228,吉 田 慎二郎,53,54,6.82,6,0.19,112.9,4,1,3461,渡 邊 哲 也,5,24,6.87,1,0.25,114.0,5,2,3712,淺 香 文 武,15,29,6.83,2,0.22,,6,5,4941,孫 崎 百 世,20,33,6.87,5,0.16,
201804220803,中京スポーツ杯争奪全日本ファイターキング決定戦,第3日,2018/04/22,常滑,03R,一般,1800,晴,南東,1,0,差し,2,600,2,180,5,150,2-5,2700,12,2-5,1570,6,2-5,340,5,2-4,500,9,4-5,420,7,2-5-4,19890,66,2-4-5,3850,16,1,2,3385,渡 邉 睦 広,26,74,6.84,2,0.23,110.2,2,5,3990,芹 澤 克 彦,7,37,6.81,5,0.15,112.0,3,4,3653,品 川 賢 次,36,18,6.84,4,0.22,113.1,4,1,3518,倉 田 郁 美,35,72,6.69,1,0.15,114.5,5,3,3888,山 本 英 志,30,53,6.79,3,0.16,,6,6,3561,池 田 真 治,31,46,6.82,6,0.21,
201804220804,中京スポーツ杯争奪全日本ファイターキング決定戦,第3日,2018/04/22,常滑,04R,一般,1800,晴,南,1,0,逃げ,1,270,1,130,3,150,1-3,1060,6,1-3,730,5,1-3,100,1,1-2,210,4,2-3,150,3,1-3-2,4180,19,1-2-3,650,3,1,1,3648,原 田 通 雅,44,43,6.77,1,0.1,118.6,2,3,4847,佐 藤 隆太郎,12,44,6.76,3,0.11,123.0,3,2,4566,塩 田 北 斗,42,36,6.74,2,0.1,126.0,4,4,4163,山 崎 裕 司,33,38,6.77,4,0.18,127.8,5,6,4901,出 口 舞有子,29,75,6.85,6,0.11,,,,,,,,,,,
201804220805,中京スポーツ杯争奪全日本ファイターキング決定戦,第3日,2018/04/22,常滑,05R,一般,1800,晴,南,1,0,まくり,2,310,2,200,5,250,2-5,740,2,2-5,410,1,2-5,290,2,2-3,930,13,3-5,590,7,2-5-3,4750,20,2-3-5,1260,7,1,2,4183,宇 野 弥 生,47,28,6.78,3,0.12,109.6,2,5,4216,星 栄 爾,13,42,6.83,5,0.09,111.8,3,3,4615,板 倉 敦 史,6,19,6.83,4,0.11,113.1,4,6,4209,藤 田 竜 弘,27,40,6.78,6,0.12,114.7,5,4,3542,清 水 紀 克,52,25,6.8,2,0.21,,6,1,4909,薮 内 瑞 希,37,57,6.72,1,0.25,
201804220806,中京スポーツ杯争奪全日本ファイターキング決定戦,第3日,2018/04/22,常滑,06R,一般,1800,晴,南東,1,0,逃げ,1,180,1,140,3,100,1-3,340,1,1-3,190,1,1-3,110,1,1-2,140,3,2-3,140,2,1-3-2,670,1,1-2-3,200,1,1,1,4570,前 田 聖 文,3,15,6.74,1,0.17,110.4,2,3,4504,前 田 将 太,34,49,6.75,3,0.11,111.4,3,2,3726,桂 林 寛,48,12,6.75,2,0.12,112.5,4,5,4565,西 村 豪 洋,9,41,6.72,5,0.21,113.4,5,4,4453,永 田 郁 弥,58,47,6.76,4,0.21,,6,6,3305,小 野 信 樹,54,17,6.79,6,0.24,
201804220807,中京スポーツ杯争奪全日本ファイターキング決定戦,第3日,2018/04/22,常滑,07R,一般,1800,晴,南,2,1,逃げ,1,130,1,110,3,110,1-3,200,1,1-3,190,1,1-3,110,1,1-5,120,2,3-5,150,3,1-3-5,460,1,1-3-5,190,1,1,1,3799,今 泉 和 則,39,64,6.75,1,0.09,109.6,2,3,4155,長 野 壮志郎,41,62,6.71,3,0.14,111.6,3,5,4266,長 田 頼 宗,32,32,6.79,5,0.22,112.4,4,2,4793,金 子 萌,25,56,6.77,2,0.12,112.6,5,4,3561,池 田 真 治,31,46,6.78,4,0.27,,6,6,4630,岩 永 雅 人,45,21,6.79,6,0.23,
201804220808,中京スポーツ杯争奪全日本ファイターキング決定戦,第3日,2018/04/22,常滑,08R,一般,1800,晴,南,2,1,差し,2,860,2,310,4,280,2-4,5260,15,2-4,4030,12,2-4,550,7,2-6,580,8,4-6,1020,13,2-4-6,30170,65,2-4-6,6780,15,1,2,4678,水 野 望 美,49,73,6.8,2,0.17,110.4,2,4,3518,倉 田 郁 美,35,72,6.75,4,0.11,111.3,3,6,4847,佐 藤 隆太郎,12,44,6.75,6,0.13,113.2,4,3,4418,茅 原 悠 紀,17,69,6.78,3,0.18,114.5,5,5,4363,大 野 芳 顕,19,50,6.76,5,0.09,,6,1,4693,松 下 誉 士,11,26,6.84,1,0.07,
201804220809,中京スポーツ杯争奪全日本ファイターキング決定戦,第3日,2018/04/22,常滑,09R,一般,1800,晴,南,2,1,逃げ,1,190,1,140,2,110,1-2,290,1,1-2,170,1,1-2,130,1,1-5,170,2,2-5,330,7,1-2-5,1000,3,1-2-5,660,3,1,1,3811,石 田 章 央,46,35,6.74,1,0.25,109.7,2,2,3605,中 村 守 成,40,52,6.86,2,0.23,111.4,3,5,4615,板 倉 敦 史,6,19,6.86,4,0.12,112.8,4,6,3929,杢 野 誓 良,18,60,6.81,5,0.12,113.3,5,3,3648,原 田 通 雅,44,43,6.79,3,0.19,,,,,,,,,,,
201804220810,中京スポーツ杯争奪全日本ファイターキング決定戦,第3日,2018/04/22,常滑,10R,準優勝戦,1800,晴,南,1,0,差し,2,540,2,120,1,100,2-1,850,4,1-2,250,1,1-2,140,1,2-3,190,4,1-3,150,2,2-1-3,1980,8,1-2-3,290,1,1,2,3990,芹 澤 克 彦,7,37,6.76,2,0.1,110.0,2,1,4504,前 田 将 太,34,49,6.82,1,0.09,111.6,3,3,4163,山 崎 裕 司,33,38,6.82,3,0.19,112.2,4,4,3888,山 本 英 志,30,53,6.8,5,0.16,114.1,5,5,4183,宇 野 弥 生,47,28,6.8,6,0.13,,6,6,3726,桂 林 寛,48,12,6.8,4,0.25,
201804220811,中京スポーツ杯争奪全日本ファイターキング決定戦,第3日,2018/04/22,常滑,11R,準優勝戦,1800,晴,,0,0,差し,2,610,2,160,1,100,2-1,580,2,1-2,140,1,1-2,130,1,2-3,220,4,1-3,240,5,2-1-3,2590,10,1-2-3,470,3,1,2,4266,長 田 頼 宗,32,32,6.77,2,0.13,110.4,2,1,4155,長 野 壮志郎,41,62,6.68,1,0.11,111.5,3,3,4453,永 田 郁 弥,58,47,6.79,3,0.08,113.2,4,4,4570,前 田 聖 文,3,15,6.77,4,0.15,114.0,5,6,4566,塩 田 北 斗,42,36,6.76,5,0.15,,6,5,4909,薮 内 瑞 希,37,57,6.78,6,0.1,
201804220812,中京スポーツ杯争奪全日本ファイターキング決定戦,第3日,2018/04/22,常滑,12R,準優勝戦,1800,晴,南東,1,0,,1,110,1,100,2,150,1-2,190,1,1-2,150,1,1-2,110,1,1-4,150,3,2-4,140,2,1-2-4,410,1,1-2-4,250,1,1,1,4418,茅 原 悠 紀,17,69,6.82,1,0.12,109.9,2,2,4216,星 栄 爾,13,42,6.83,2,0.13,111.6,3,4,3799,今 泉 和 則,39,64,6.76,4,0.14,112.7,4,6,4678,水 野 望 美,49,73,6.81,6,0.2,114.5,5,5,3385,渡 邉 睦 広,26,74,6.89,5,0.2,,6,3,3653,品 川 賢 次,36,18,6.82,3,0.14,
201804220701,ルーキーシリーズ　第７戦　スカパー！・ＪＬＣ杯,第3日,2018/04/22,蒲郡,01R,予選,1800,晴,南,3,1,逃げ,1,120,1,100,5,390,1-5,610,3,1-5,600,3,1-5,220,2,1-6,330,4,5-6,490,9,1-5-6,2280,7,1-5-6,950,5,1,1,4731,間 野 兼 礼,25,69,6.76,1,0.12,109.4,2,5,4803,飯 田 庄 吾,62,49,6.74,4,0.12,110.9,3,6,4904,松 本 一 毅,72,71,6.75,5,0.24,112.4,4,4,5017,澤 田 尚 也,15,32,6.74,6,0.27,113.1,5,2,4860,伏 見 卓,45,29,6.68,2,0.11,,6,3,4724,吉 田 祐 貴,23,31,6.75,3,0.18,
201804220702,ルーキーシリーズ　第７戦　スカパー！・ＪＬＣ杯,第3日,2018/04/22,蒲郡,02R,予選,1800,晴,南,3,1,まくり,3,220,3,230,4,340,3-4,1350,7,3-4,1130,6,3-4,200,3,3-5,250,4,4-5,490,8,3-4-5,2950,10,3-4-5,950,5,1,3,4910,中 村 泰 平,40,56,6.66,3,0.07,109.7,2,4,4723,寺 島 吉 彦,51,41,6.71,4,0.19,111.1,3,5,4892,柴 田 直 哉,20,72,6.71,5,0.08,112.9,4,2,4691,水 原 慎,14,77,6.67,2,0.2,113.8,5,1,4872,山 下 流 心,46,76,6.65,1,0.15,,6,6,4943,八 木 治 樹,41,18,6.72,6,0.22,
201804220703,ルーキーシリーズ　第７戦　スカパー！・ＪＬＣ杯,第3日,2018/04/22,蒲郡,03R,予選,1800,晴,南,4,2,まくり,2,130,2,110,5,250,2-5,420,1,2-5,290,1,2-5,120,1,2-3,150,2,3-5,340,8,2-5-3,1080,2,2-3-5,390,1,1,2,4850,野 中 一 平,67,33,6.62,2,0.14,109.5,2,5,4759,今 泉 友 吾,17,55,6.58,5,0.25,110.2,3,3,4835,橋 本 明,54,43,6.67,3,0.2,112.0,4,4,4727,安 部 慎 一,47,70,6.67,4,0.25,113.3,5,6,4983,前 田 篤 哉,60,27,6.66,6,0.27,,6,1,4701,福 本 悠,26,73,6.65,1,0.24,
201804220704,ルーキーシリーズ　第７戦　スカパー！・ＪＬＣ杯,第3日,2018/04/22,蒲郡,04R,予選,1800,晴,南,3,2,まくり,2,280,2,160,3,140,2-3,800,3,2-3,500,3,2-3,190,2,2-6,170,1,3-6,220,4,2-3-6,1410,2,2-3-6,350,1,1,2,4702,三 浦 敬 太,68,39,6.68,2,0.12,109.9,2,3,4706,三 浦 洋次朗,71,25,6.77,3,0.1,111.4,3,6,4531,武 富 智 亮,31,19,6.76,4,0.2,111.8,4,5,4868,松 本 峻,22,36,6.82,5,0.22,112.7,5,1,4813,宮 内 直 哉,70,65,6.62,1,0.17,,6,4,4905,土 井 祥 伍,56,38,6.73,6,0.37,
201804220705,ルーキーシリーズ　第７戦　スカパー！・ＪＬＣ杯,第3日,2018/04/22,蒲郡,05R,予選,1800,晴,南,2,1,逃げ,1,150,1,120,3,140,1-3,400,2,1-3,290,2,1-3,120,2,1-6,120,1,3-6,140,3,1-3-6,610,2,1-3-6,170,1,1,1,4824,松 井 洪 弥,39,17,6.64,1,0.16,108.4,2,3,4737,竹 井 貴 史,55,35,6.69,4,0.22,110.6,3,6,4586,磯 部 誠,43,52,6.7,2,0.15,111.3,4,4,4800,小 寺 拳 人,21,57,6.77,5,0.21,113.4,5,2,4889,後 藤 盛 也,24,66,6.73,3,0.25,,6,5,5017,澤 田 尚 也,15,32,6.67,6,0.16,
201804220706,ルーキーシリーズ　第７戦　スカパー！・ＪＬＣ杯,第3日,2018/04/22,蒲郡,06R,予選,1800,晴,南,3,1,まくり,5,330,5,100,6,160,5-6,340,1,5-6,510,2,5-6,150,1,1-5,170,2,1-6,380,9,5-6-1,880,1,1-5-6,330,1,1,5,4604,岩 瀬 裕 亮,66,51,6.7,4,0.09,108.7,2,6,4903,吉 田 凌太朗,57,22,6.74,5,0.07,110.0,3,1,4697,國 弘 翔 平,61,46,6.73,1,0.22,113.5,4,2,4906,鈴 木 雅 希,52,28,6.74,2,0.21,114.1,5,4,4930,佐 藤 悠,74,40,6.73,6,0.11,,6,3,4723,寺 島 吉 彦,51,41,6.81,3,0.16,
201804220707,ルーキーシリーズ　第７戦　スカパー！・ＪＬＣ杯,第3日,2018/04/22,蒲郡,07R,予選  進入固定,1800,晴,東,2,1,,5,1230,5,170,2,1110,5-2,19550,27,2-5,9670,15,2-5,1160,13,1-5,220,3,1-2,350,6,5-2-1,71530,90,1-2-5,2960,13,1,5,4785,木 幡 純 也,50,24,6.68,5,0.09,109.8,2,2,4749,山 口 貢 輝,73,34,6.74,2,0.11,110.5,3,1,4794,和 田 拓 也,33,37,6.64,1,0.1,111.5,4,6,4826,井 上 一 輝,13,58,6.72,6,0.06,113.4,5,4,4731,間 野 兼 礼,25,69,6.74,4,0.04,,6,3,4808,松 尾 拓,19,12,6.78,3,0.06,
201804220708,ルーキーシリーズ　第７戦　スカパー！・ＪＬＣ杯,第3日,2018/04/22,蒲郡,08R,予選,1800,晴,南東,1,0,差し,5,680,5,100,2,100,5-2,1680,7,2-5,340,1,2-5,150,1,5-6,340,7,2-6,190,2,5-2-6,3230,9,2-5-6,460,1,1,5,4702,三 浦 敬 太,68,39,6.8,5,0.06,118.5,2,2,4512,高 野 哲 史,38,20,6.72,2,0.13,121.6,3,6,4509,平 見 真 彦,27,59,6.72,6,0.1,125.0,4,3,4983,前 田 篤 哉,60,27,6.7,3,0.15,128.2,5,4,4691,水 原 慎,14,77,6.75,4,0.12,,,,,,,,,,,
201804220709,ルーキーシリーズ　第７戦　スカパー！・ＪＬＣ杯,第3日,2018/04/22,蒲郡,09R,予選,1800,晴,南東,1,0,まくり,2,380,2,100,1,100,2-1,440,2,1-2,170,1,1-2,140,1,2-5,270,6,1-5,220,3,2-1-5,1710,5,1-2-5,480,3,1,2,4531,武 富 智 亮,31,19,6.79,2,0.12,109.4,2,1,4743,木 村 仁 紀,48,13,6.79,1,0.15,110.4,3,5,4910,中 村 泰 平,40,56,6.8,5,0.09,111.8,4,6,4685,島 村 隆 幸,28,54,6.83,6,0.2,113.6,5,4,4904,松 本 一 毅,72,71,6.86,4,0.19,,6,3,4727,安 部 慎 一,47,70,6.8,3,0.14,
201804220710,ルーキーシリーズ　第７戦　スカパー！・ＪＬＣ杯,第3日,2018/04/22,蒲郡,10R,予選特賞,1800,晴,北東,1,0,,1,220,1,100,3,100,1-3,240,1,1-3,160,1,1-3,100,1,1-6,270,6,3-6,250,4,1-3-6,1150,5,1-3-6,400,2,1,1,4759,今 泉 友 吾,17,55,6.69,1,0.21,108.0,2,3,4586,磯 部 誠,43,52,6.82,3,0.11,109.9,3,6,4832,権 藤 俊 光,58,67,6.82,6,0.06,111.6,4,2,4811,向井田 佑 紀,64,60,6.76,2,0.2,113.4,5,5,4906,鈴 木 雅 希,52,28,6.83,5,0.01,,6,4,4943,八 木 治 樹,41,18,6.83,4,0.13,
201804220711,ルーキーシリーズ　第７戦　スカパー！・ＪＬＣ杯,第3日,2018/04/22,蒲郡,11R,予選特選,1800,晴,,0,0,逃げ,1,190,1,130,2,170,1-2,310,1,1-2,250,1,1-2,150,1,1-3,350,8,2-3,210,3,1-2-3,1500,3,1-2-3,630,3,1,1,4808,松 尾 拓,19,15,6.88,1,0.12,109.4,2,2,4903,吉 田 凌太朗,57,22,6.83,2,0.15,110.1,3,3,4892,柴 田 直 哉,20,72,6.82,3,0.15,111.8,4,4,4706,三 浦 洋次朗,71,25,6.95,4,0.21,113.2,5,6,4835,橋 本 明,54,43,6.81,6,0.25,,6,5,4737,竹 井 貴 史,55,35,6.86,5,0.27,
201804220712,ルーキーシリーズ　第７戦　スカパー！・ＪＬＣ杯,第3日,2018/04/22,蒲郡,12R,予選記者特選,1800,晴,,0,0,逃げ,1,180,1,100,4,100,1-4,300,1,1-4,190,1,1-4,110,2,1-2,110,1,2-4,150,3,1-4-2,730,1,1-2-4,240,1,1,1,4512,高 野 哲 史,38,20,6.83,1,0.09,112.3,2,4,4604,岩 瀬 裕 亮,66,51,6.78,4,0.14,114.0,3,2,4794,和 田 拓 也,33,37,6.74,2,0.11,118.0,4,3,4872,山 下 流 心,46,76,6.85,3,0.12,120.4,5,6,4868,松 本 峻,22,36,6.82,6,0.15,,,,,,,,,,,
201804220601,中日新聞東海本社杯,第2日,2018/04/22,浜名湖,01R,予選,1800,晴,南,5,3,逃げ,1,150,1,140,3,670,1-3,1100,5,1-3,950,3,1-3,310,4,1-4,160,1,3-4,820,12,1-3-4,3740,12,1-3-4,1110,4,1,1,3344,中 島 浩 喜,6,49,6.61,1,0.22,112.3,2,3,3642,大 塚 浩 二,20,24,6.64,3,0.17,112.9,3,4,4439,近 藤 友 宝,13,38,6.65,4,0.13,114.5,4,6,3698,小 巻 良 至,25,20,6.68,6,0.11,115.1,5,2,3122,高 山 哲 也,47,35,6.58,2,0.18,,6,5,3309,大 塚 信 行,33,26,6.62,5,0.14,
201804220602,中日新聞東海本社杯,第2日,2018/04/22,浜名湖,02R,予選,1800,晴,南,5,3,差し,5,1320,5,400,3,270,5-3,6560,18,3-5,1130,7,3-5,270,4,5-6,490,9,3-6,140,1,5-3-6,10010,38,3-5-6,1020,5,1,5,3588,新 藤 哲 三,28,60,6.69,4,0.09,112.4,2,3,3550,都 築 正 治,56,45,6.65,3,0.05,114.6,3,6,4049,荒 川 健 太,41,14,6.67,5,0.14,115.4,4,4,4712,冨 好 祐 真,52,55,6.67,6,0.18,116.4,5,1,3714,梶 原 正,58,34,6.64,1,0.12,,6,2,4215,吉 島 祥 之,55,70,6.67,2,0.31,
201804220603,中日新聞東海本社杯,第2日,2018/04/22,浜名湖,03R,予選,1800,晴,南,5,3,差し,2,280,2,150,4,170,2-4,940,4,2-4,710,4,2-4,170,2,2-5,130,1,4-5,290,5,2-4-5,1580,2,2-4-5,370,1,1,2,4012,中 村 有 裕,4,68,6.65,2,0.21,111.9,2,4,2878,富 山 弘 幸,35,15,6.61,3,0.18,113.8,3,5,4573,佐 藤 翼,45,39,6.6,4,0.14,114.5,4,1,4023,柴 田 友 和,32,28,6.62,1,0.22,115.5,5,6,3681,山 谷 央,26,72,6.57,5,0.31,,6,3,4212,宮 地 孝四朗,57,67,6.7,6,0.25,
201804220604,中日新聞東海本社杯,第2日,2018/04/22,浜名湖,04R,ランチタイム,1800,晴,南,6,3,逃げ,1,140,1,100,3,130,1-3,370,2,1-3,270,1,1-3,180,2,1-2,180,2,2-3,620,10,1-3-2,2060,9,1-2-3,750,4,1,1,3713,伊 藤 誠 二,17,23,6.61,1,0.17,112.1,2,3,3306,武 田 正 紀,2,63,6.55,3,0.15,113.6,3,2,4716,近 久 大 志,23,47,6.55,2,0.1,114.2,4,5,4933,板 橋 侑 我,31,40,6.65,5,0.12,115.5,5,6,4265,村 上 祐 次,9,29,6.65,6,0.3,,6,4,3596,河 上 年 昭,53,66,6.6,4,0.29,
201804220605,中日新聞東海本社杯,第2日,2018/04/22,浜名湖,05R,予選,1800,晴,南,6,3,差し,2,460,2,240,4,210,2-4,1040,4,2-4,550,2,2-4,210,1,2-3,220,4,3-4,240,6,2-4-3,2960,8,2-3-4,450,1,1,2,3227,長 岡 茂 一,18,62,6.61,2,0.25,111.5,2,4,4043,桐 本 康 臣,34,33,6.62,4,0.24,112.1,3,3,3769,佐 竹 恒 彦,49,75,6.62,3,0.27,113.2,4,1,3741,松 尾 基 成,39,64,6.59,1,0.26,114.8,5,5,3566,川 添 英 正,61,31,6.59,5,0.24,,6,6,3309,大 塚 信 行,33,26,6.57,6,0.28,
201804220606,中日新聞東海本社杯,第2日,2018/04/22,浜名湖,06R,予選,1800,晴,南,6,3,差し,2,470,2,130,1,160,2-1,1040,5,1-2,660,5,1-2,220,4,2-5,210,3,1-5,170,2,2-1-5,3240,16,1-2-5,350,2,1,2,4532,秋 元 哲,51,12,6.7,2,0.17,111.8,2,1,4093,吉 田 宗 弘,54,71,6.55,1,0.17,112.8,3,5,3590,濱野谷 憲 吾,44,16,6.58,4,0.17,113.9,4,3,3981,今 坂 晃 広,19,41,6.62,3,0.13,115.5,5,4,3714,梶 原 正,58,34,6.64,5,0.2,,6,6,3281,塚 本 太二郎,21,73,6.66,6,0.36,
201804220607,中日新聞東海本社杯,第2日,2018/04/22,浜名湖,07R,予選,1800,晴,南,7,4,,4,180,4,110,1,100,4-1,1270,6,1-4,490,2,1-4,130,2,2-4,130,1,1-2,140,3,4-1-2,2110,6,1-2-4,220,1,1,4,4140,梶 野 学 志,62,61,6.63,4,0.14,111.4,2,1,4139,丹 下 健,16,46,6.61,1,0.11,114.9,3,2,4330,奈 須 啓 太,10,43,6.57,2,0.14,116.2,4,6,3814,金 子 貴 志,60,48,6.61,6,0.19,116.5,5,5,4215,吉 島 祥 之,55,70,6.69,5,0.14,,6,3,3681,山 谷 央,26,72,6.59,3,0.12,
201804220608,中日新聞東海本社杯,第2日,2018/04/22,浜名湖,08R,予選,1800,晴,南,7,4,差し,3,320,3,250,5,480,3-5,1200,7,3-5,1090,5,3-5,580,8,2-3,640,9,2-5,1280,12,3-5-2,14670,53,2-3-5,2900,10,1,3,4704,河 野 大,22,57,6.59,3,0.08,111.2,2,5,4012,中 村 有 裕,4,68,6.67,5,0.11,113.1,3,2,4933,板 橋 侑 我,31,40,6.62,2,0.07,113.6,4,4,4371,西 山 貴 浩,37,19,6.64,4,0.12,115.3,5,6,3122,高 山 哲 也,47,35,6.54,6,0.11,,6,1,4505,島 田 賢 人,12,11,6.63,1,0.31,
201804220609,中日新聞東海本社杯,第2日,2018/04/22,浜名湖,09R,予選  進入固定,1800,晴,南,6,3,逃げ,1,200,1,110,4,240,1-4,550,3,1-4,450,3,1-4,150,3,1-2,100,1,2-4,100,2,1-4-2,780,2,1-2-4,150,1,1,1,3566,川 添 英 正,61,31,6.61,1,0.17,111.2,2,4,3841,佐々木 和 伸,65,53,6.59,4,0.2,111.9,3,2,4049,荒 川 健 太,41,14,6.61,2,0.15,113.9,4,3,3698,小 巻 良 至,25,20,6.71,3,0.17,114.9,5,6,4716,近 久 大 志,23,47,6.55,6,0.22,,6,5,4212,宮 地 孝四朗,57,67,6.67,5,0.26,
201804220610,中日新聞東海本社杯,第2日,2018/04/22,浜名湖,10R,予選特賞,1800,晴,南,6,3,差し,2,170,2,100,1,110,2-1,300,1,1-2,190,1,1-2,100,1,2-5,220,4,1-5,160,3,2-1-5,840,2,1-2-5,350,2,1,2,3590,濱野谷 憲 吾,44,16,6.6,2,0.15,111.6,2,1,4379,桑 島 和 宏,40,21,6.68,1,0.16,112.8,3,5,3550,都 築 正 治,56,45,6.67,4,0.16,114.7,4,6,4043,桐 本 康 臣,34,33,6.66,6,0.26,115.2,5,4,3306,武 田 正 紀,2,63,6.67,5,0.23,,6,3,3344,中 島 浩 喜,6,49,6.69,3,0.17,
201804220611,中日新聞東海本社杯,第2日,2018/04/22,浜名湖,11R,予選特選,1800,晴,南,6,3,差し,2,1170,2,410,4,580,2-4,6490,16,2-4,840,5,2-4,1360,8,1-2,540,4,1-4,660,6,2-4-1,16330,44,1-2-4,400,2,1,2,3814,金 子 貴 志,60,48,6.62,2,0.21,110.6,2,4,3981,今 坂 晃 広,19,41,6.59,4,0.14,111.4,3,1,4573,佐 藤 翼,45,39,6.62,1,0.19,113.1,4,5,3713,伊 藤 誠 二,17,23,6.63,5,0.25,114.2,5,6,3769,佐 竹 恒 彦,49,75,6.62,6,0.35,,6,3,3107,平 岡 重 典,14,32,6.68,3,0.15,
201804220612,中日新聞東海本社杯,第2日,2018/04/22,浜名湖,12R,予選特選,1800,晴,南,5,3,逃げ,1,160,1,100,4,120,1-4,270,1,1-4,260,1,1-4,140,1,1-5,450,9,4-5,400,8,1-4-5,1620,6,1-4-5,900,5,1,1,4371,西 山 貴 浩,37,19,6.66,1,0.23,111.2,2,4,4330,奈 須 啓 太,10,43,6.61,4,0.14,112.0,3,5,3227,長 岡 茂 一,18,62,6.7,5,0.15,113.2,4,6,4532,秋 元 哲,51,12,6.81,6,0.15,114.5,5,3,2878,富 山 弘 幸,35,15,6.67,3,0.29,,6,2,4181,花 本 夏 樹,30,54,6.65,2,0.26,
201804220501,第５４回日刊スポーツ賞,第2日,2018/04/22,多摩川,01R,まつりだｏｎ,1800,晴,東,1,2,差し,4,380,4,170,3,480,4-3,1180,5,3-4,740,4,3-4,200,4,1-4,160,2,1-3,150,1,4-3-1,3110,8,1-3-4,340,1,1,4,4588,田 中 京 介,61,129,6.79,4,0.08,108.7,2,3,3772,一 柳 和 孝,71,164,6.73,3,0.12,109.6,3,1,4431,石 塚 裕 介,16,128,6.68,1,0.27,111.4,4,5,3506,宮 西 真 昭,46,141,6.87,5,0.11,113.1,5,6,3644,矢 橋 成 介,47,142,6.79,6,0.1,,6,2,4035,杉 江 浩 明,59,165,6.69,2,0.24,
201804220502,第５４回日刊スポーツ賞,第2日,2018/04/22,多摩川,02R,予選,1800,晴,南,1,2,逃げ,1,530,1,120,2,190,1-2,1460,7,1-2,890,5,1-2,380,5,1-5,900,10,2-5,360,4,1-2-5,13170,41,1-2-5,3240,12,1,1,4176,樋 口 喜 彦,19,151,6.8,1,0.14,109.3,2,2,3934,鋤 柄 貴 俊,72,180,6.87,2,0.22,110.3,3,5,4457,神 田 達 也,28,155,6.85,5,0.24,110.8,4,4,4524,深 谷 知 博,40,156,6.81,4,0.14,112.4,5,6,4085,荻 野 裕 介,49,184,6.86,6,0.25,,6,3,3051,山 口 俊 英,56,168,6.87,3,0.19,
201804220503,第５４回日刊スポーツ賞,第2日,2018/04/22,多摩川,03R,予選,1800,晴,南西,1,2,まくり,4,1600,4,710,2,390,4-2,9470,28,2-4,6660,13,2-4,820,11,4-5,990,12,2-5,590,10,4-2-5,43770,102,2-4-5,7900,19,1,4,4284,山 本 良 一,52,178,6.79,4,0.09,110.1,2,2,3564,桑 原 啓,60,166,6.69,2,0.17,111.1,3,5,4189,川 上 剛,45,153,6.72,5,0.06,112.6,4,3,4027,松 江 秀 徳,62,154,6.82,3,0.23,114.0,5,1,3477,近 藤 稔 也,55,171,6.71,1,0.2,,6,6,4276,鈴 木 勝 博,13,173,6.8,6,0.05,
201804220504,第５４回日刊スポーツ賞,第2日,2018/04/22,多摩川,04R,予選,1800,晴,南,1,2,逃げ,1,440,1,200,4,580,1-4,3240,11,1-4,2140,6,1-4,360,6,1-3,140,1,3-4,260,4,1-4-3,7870,24,1-3-4,770,4,1,1,4417,服 部 剛,21,163,6.74,1,0.07,109.3,2,4,3277,齋 藤 勇,33,124,6.84,4,0.08,110.7,3,3,4236,松 村 敏,34,177,6.75,3,0.04,111.9,4,5,4342,谷 野 錬 志,39,131,6.72,5,0.11,112.6,5,6,4329,小 松 卓 司,27,140,6.8,6,0.16,,6,2,4912,中 山 将 太,53,176,6.84,2,0.05,
201804220505,第５４回日刊スポーツ賞,第2日,2018/04/22,多摩川,05R,予選,1800,晴,南,2,2,,2,210,2,180,3,140,2-3,1010,5,2-3,630,3,2-3,140,2,1-2,180,4,1-3,120,1,2-3-1,1960,8,1-2-3,270,1,1,2,4121,富 永 修 一,69,174,6.89,3,0.09,110.8,2,3,3939,渡 辺 真 至,38,148,6.83,4,0.1,111.7,3,1,4883,岡 部 大 輝,11,160,6.75,1,0.11,113.5,4,5,4307,村 上 橋 蔵,64,158,6.79,6,0.03,114.9,5,4,4778,堤 啓 輔,41,122,6.79,5,0.06,,,,,,,,,,,
201804220506,第５４回日刊スポーツ賞,第2日,2018/04/22,多摩川,06R,予選,1800,晴,南,2,2,まくり,3,380,3,5150,2,5460,3-2,5210,16,2-3,3300,10,2-3,950,9,1-3,530,5,1-2,530,5,3-2-1,23580,58,1-2-3,2040,7,1,3,4513,河 野 真 也,31,133,6.73,4,0.13,109.1,2,2,3506,宮 西 真 昭,46,141,6.74,3,0.29,111.7,3,1,3692,竹 腰 正 樹,36,135,6.77,1,0.26,112.4,4,4,4367,山 口 修 路,65,150,6.78,5,0.19,113.3,5,6,3946,赤 岩 善 生,70,157,6.76,2,0.23,,6,5,4637,中 田 友 也,67,143,6.77,6,0.2,
201804220507,第５４回日刊スポーツ賞,第2日,2018/04/22,多摩川,07R,予選,1800,晴,南東,4,2,逃げ,1,160,1,390,3,1660,1-3,1280,7,1-3,1240,6,1-3,460,10,1-4,170,1,3-4,410,8,1-3-4,4130,16,1-3-4,1020,6,1,1,4588,田 中 京 介,61,129,6.77,1,0.19,110.2,2,3,3564,桑 原 啓,60,166,6.8,3,0.16,110.7,3,4,3744,徳 増 秀 樹,18,167,6.66,4,0.15,113.0,4,2,4085,荻 野 裕 介,49,184,6.75,2,0.17,113.9,5,5,4199,北 川 潤 二,63,162,6.76,5,0.19,,,,,,,,,,,
201804220508,第５４回日刊スポーツ賞,第2日,2018/04/22,多摩川,08R,予選,1800,晴,南東,3,2,差し,4,200,4,130,1,100,4-1,780,3,1-4,280,1,1-4,130,1,4-6,160,2,1-6,160,3,4-1-6,1400,3,1-4-6,240,1,1,4,4413,水 摩 敦,54,144,6.91,4,0.23,109.8,2,1,4342,谷 野 錬 志,39,131,6.75,1,0.29,110.5,3,6,4524,深 谷 知 博,40,156,6.76,6,0.16,111.0,4,3,3477,近 藤 稔 也,55,171,6.79,3,0.28,114.4,5,5,3750,笠 井 広 幸,22,161,6.9,5,0.26,,6,2,4431,石 塚 裕 介,16,128,6.77,2,0.31,
201804220509,第５４回日刊スポーツ賞,第2日,2018/04/22,多摩川,09R,ターゲット９,1800,晴,南,3,2,差し,4,1620,4,710,3,550,4-3,24830,24,3-4,3640,10,3-4,990,11,1-4,330,4,1-3,140,2,4-3-1,34040,48,1-3-4,930,6,1,4,4307,村 上 橋 蔵,64,182,6.89,4,0.11,110.1,2,3,3136,渋 谷 正 義,51,179,6.84,3,0.17,112.3,3,1,4189,川 上 剛,45,153,6.71,1,0.18,114.1,4,5,3644,矢 橋 成 介,47,142,6.79,5,0.12,114.8,5,2,4176,樋 口 喜 彦,19,151,6.9,2,0.21,,6,6,4912,中 山 将 太,53,176,6.84,6,0.08,
201804220510,第５４回日刊スポーツ賞,第2日,2018/04/22,多摩川,10R,予選特賞,1800,晴,南,2,2,逃げ,1,140,1,100,4,230,1-4,630,2,1-4,530,2,1-4,200,2,1-3,280,4,3-4,360,7,1-4-3,3130,11,1-3-4,1800,6,1,1,4236,松 村 敏,34,177,6.66,1,0.21,109.5,2,4,3772,一 柳 和 孝,71,164,6.74,4,0.24,110.8,3,3,4778,堤 啓 輔,41,122,6.76,3,0.27,112.5,4,5,4367,山 口 修 路,65,150,6.74,5,0.29,113.5,5,6,3934,鋤 柄 貴 俊,72,180,6.89,6,0.21,,6,2,4276,鈴 木 勝 博,13,173,6.78,2,0.33,
201804220511,第５４回日刊スポーツ賞,第2日,2018/04/22,多摩川,11R,予選特選,1800,晴,南,2,2,逃げ,1,200,1,100,3,100,1-3,270,1,1-3,170,1,1-3,120,2,1-5,150,3,3-5,110,1,1-3-5,690,1,1-3-5,240,1,1,1,3939,渡 辺 真 至,38,148,6.69,1,0.14,109.0,2,3,3946,赤 岩 善 生,70,157,6.8,3,0.14,110.2,3,5,4503,上 野 真之介,25,138,6.7,4,0.16,112.3,4,6,4027,松 江 秀 徳,62,154,6.8,5,0.18,112.5,5,2,3339,泉 具 巳,20,170,6.76,2,0.29,,6,4,4329,小 松 卓 司,27,140,6.7,6,0.22,
201804220512,第５４回日刊スポーツ賞,第2日,2018/04/22,多摩川,12R,記者選抜戦,1800,晴,南,2,2,逃げ,1,150,1,140,3,190,1-3,370,2,1-3,290,2,1-3,260,2,1-6,520,6,3-6,1020,10,1-3-6,1490,4,1-3-6,1140,5,1,1,3744,徳 増 秀 樹,18,167,6.7,1,0.11,108.4,2,3,3743,林 美 憲,48,130,6.76,3,0.21,109.7,3,6,4513,河 野 真 也,31,133,6.8,6,0.16,112.0,4,4,4457,神 田 達 也,28,155,6.77,4,0.19,113.8,5,5,4417,服 部 剛,21,163,6.82,5,0.16,,6,2,4413,水 摩 敦,54,144,6.75,2,0.14,
201804220201,第３４回日本モーターボート選手会会長賞,第1日,2018/04/22,戸田,01R,予選,1800,晴,,0,0,逃げ,1,300,1,140,4,150,1-4,1420,6,1-4,1190,5,1-4,190,3,1-3,150,1,3-4,180,2,1-4-3,2610,7,1-3-4,400,1,1,1,3839,川 合 理 司,7,39,6.75,1,0.14,110.7,2,4,3519,冨 田 秀 幸,55,14,6.79,4,0.16,112.1,3,3,4031,飯 島 誠,9,27,6.75,3,0.28,112.4,4,6,4622,出 村 卓 也,15,69,6.82,6,0.16,114.2,5,5,3480,金 子 建 二,31,66,6.71,5,0.1,,6,2,3407,道 見 数 成,2,35,6.79,2,0.17,
201804220202,第３４回日本モーターボート選手会会長賞,第1日,2018/04/22,戸田,02R,予選,1800,晴,,0,0,まくり,4,160,4,170,6,380,4-6,480,1,4-6,530,4,4-6,250,1,2-4,480,11,2-6,980,15,4-6-2,3420,16,2-4-6,1450,8,1,4,3721,守 田 俊 介,46,20,6.77,4,0.07,108.5,2,6,4375,照 屋 厚 仁,58,54,6.71,6,0.17,110.2,3,2,3673,小 林 享,13,12,6.72,2,0.19,112.8,4,3,4340,土 性 雅 也,18,31,6.67,3,0.16,113.8,5,5,4110,小 澤 和 也,33,43,6.7,5,0.15,,6,1,3583,齋 藤 智 裕,41,51,6.78,1,0.27,
201804220203,第３４回日本モーターボート選手会会長賞,第1日,2018/04/22,戸田,03R,予選,1800,晴,,0,0,まくり,2,280,2,190,3,270,2-3,1550,9,2-3,770,5,2-3,310,4,1-2,460,9,1-3,480,11,2-3-1,6920,33,1-2-3,1040,4,1,2,4467,渡 邉 俊 介,61,23,6.62,2,0.06,117.3,2,3,4150,山 田 雄 太,28,59,6.75,3,0.07,120.6,3,1,4692,酒 井 俊 弘,49,41,6.68,1,0.2,126.2,,,,,,,,,,,,,,,,,,,,,,,,,,,,,,
201804220204,第３４回日本モーターボート選手会会長賞,第1日,2018/04/22,戸田,04R,予選,1800,晴,南,1,0,まくり,3,300,3,180,2,270,3-2,1180,4,2-3,600,2,2-3,280,3,3-5,230,2,2-5,340,7,3-2-5,2580,2,2-3-5,570,1,1,3,3833,中 辻 博 訓,26,19,6.73,3,0.22,109.6,2,2,4298,宮 下 元 胤,11,68,6.71,2,0.22,111.3,3,5,4409,坂 元 浩 仁,45,61,6.73,5,0.23,112.7,4,6,3947,寺 本 昇 平,47,45,6.76,6,0.24,114.3,5,4,4047,吉 永 浩 則,22,32,6.7,4,0.19,,6,1,4182,吉 田 和 仁,53,70,6.68,1,0.29,
201804220205,第３４回日本モーターボート選手会会長賞,第1日,2018/04/22,戸田,05R,予選,1800,晴,南東,2,1,差し,3,200,3,140,6,210,3-6,580,2,3-6,500,2,3-6,150,2,3-5,200,3,5-6,510,9,3-6-5,1480,5,3-5-6,660,3,1,3,4074,柳 沢 一,27,28,6.76,3,0.08,109.6,2,6,3546,中 里 昌 志,20,37,6.73,6,0.09,111.4,3,5,3970,亀 山 高 雅,3,56,6.75,5,0.11,113.4,4,2,3340,池 田 雷 太,30,48,6.62,2,0.07,114.0,5,4,4641,磯 村 匠,48,60,6.78,4,0.12,,6,1,4862,武 藤 直 志,21,16,6.82,1,0.1,
201804220206,第３４回日本モーターボート選手会会長賞,第1日,2018/04/22,戸田,06R,予選,1800,晴,東,1,1,まくり,4,370,4,160,5,1570,4-5,3080,16,4-5,1820,8,4-5,770,11,3-4,150,1,3-5,400,7,4-5-3,13300,53,3-4-5,1990,9,1,4,4369,丹 下 将,39,64,6.74,4,0.16,109.6,2,5,4253,西 川 真 人,51,25,6.8,5,0.15,111.3,3,3,3828,明 石 正 之,1,63,6.65,3,0.3,112.1,4,6,4470,平 田 健之佑,5,44,6.69,6,0.14,112.7,5,1,4031,飯 島 誠,9,27,6.73,1,0.27,,6,2,3957,大 谷 直 弘,43,17,6.71,2,0.31,
201804220207,第３４回日本モーターボート選手会会長賞,第1日,2018/04/22,戸田,07R,予選,1800,晴,,0,0,まくり,2,650,2,160,5,230,2-5,3220,10,2-5,1430,4,2-5,280,4,2-4,1040,11,4-5,1330,14,2-5-4,46260,62,2-4-5,6320,14,1,2,3186,沖 悟,37,74,6.73,2,0.12,109.4,2,5,3896,上 田 洋 平,29,73,6.7,5,0.14,111.5,3,4,4696,齋 藤 竜 次,54,49,6.78,4,0.08,112.2,4,3,4110,小 澤 和 也,33,43,6.67,3,0.13,112.9,5,1,4415,下 出 卓 矢,34,50,6.66,1,0.07,,6,6,4818,伏 見 俊 介,16,62,6.79,6,0.21,
201804220208,第３４回日本モーターボート選手会会長賞,第1日,2018/04/22,戸田,08R,予選,1800,晴,,0,0,逃げ,1,330,1,300,3,690,1-3,660,1,1-3,550,1,1-3,310,5,1-2,210,1,2-3,600,13,1-3-2,3900,12,1-2-3,1060,5,1,1,3236,田 上 晋 六,14,52,6.73,1,0.13,110.1,2,3,4809,外 崎 悟,25,26,6.69,3,0.14,111.2,3,2,3310,金 澤 一 洋,12,11,6.64,2,0.18,113.2,4,6,4295,小 坂 尚 哉,17,21,6.7,6,0.19,113.5,5,4,3839,川 合 理 司,7,39,6.79,4,0.11,,6,5,4298,宮 下 元 胤,11,68,6.72,5,0.17,
201804220209,第３４回日本モーターボート選手会会長賞,第1日,2018/04/22,戸田,09R,予選,1800,晴,,0,0,逃げ,1,180,1,100,2,130,1-2,300,1,1-2,230,1,1-2,130,1,1-3,180,3,2-3,140,2,1-2-3,600,1,1-2-3,310,1,1,1,3918,深 井 利 寿,4,24,6.61,1,0.14,109.9,2,2,3546,中 里 昌 志,20,37,6.66,2,0.16,110.8,3,3,3947,寺 本 昇 平,47,45,6.67,3,0.19,112.6,4,5,3286,坂 東 満,57,33,6.84,5,0.15,113.8,5,4,4622,出 村 卓 也,15,69,6.78,4,0.15,,6,6,3848,川 上 聡 介,52,13,6.86,6,0.14,
201804220210,第３４回日本モーターボート選手会会長賞,第1日,2018/04/22,戸田,10R,戸田特賞,1800,晴,南,1,0,逃げ,1,120,1,140,3,100,1-3,350,1,1-3,190,1,1-3,110,1,1-6,270,5,3-6,160,2,1-3-6,1150,2,1-3-6,460,2,1,1,3497,後 藤 浩,44,18,6.65,1,0.13,109.7,2,3,4269,杉 山 裕 也,6,65,6.63,3,0.15,110.3,3,6,3828,明 石 正 之,1,63,6.79,6,0.12,113.6,4,2,3970,亀 山 高 雅,3,56,6.72,2,0.16,113.9,5,5,3690,河 合 三 弘,40,47,6.73,5,0.11,,6,4,4182,吉 田 和 仁,53,70,6.7,4,0.2,
201804220211,第３４回日本モーターボート選手会会長賞,第1日,2018/04/22,戸田,11R,記者選抜戦,1800,晴,南,2,1,まくり,4,950,4,180,1,100,4-1,2560,9,1-4,500,2,1-4,170,2,3-4,300,6,1-3,140,1,4-1-3,6840,24,1-3-4,500,2,1,4,4375,照 屋 厚 仁,58,54,6.7,4,0.19,117.4,2,1,4369,丹 下 将,39,64,6.66,1,0.25,119.3,3,3,3445,加 藤 高 史,59,46,6.68,3,0.32,123.0,4,2,3896,上 田 洋 平,29,73,6.76,2,0.32,126.0,5,6,4467,渡 邉 俊 介,61,23,6.77,6,0.22,,,,,,,,,,,
201804220212,第３４回日本モーターボート選手会会長賞,第1日,2018/04/22,戸田,12R,戸田選抜戦,1800,晴,南,1,0,逃げ,1,140,1,110,2,170,1-2,460,2,1-2,260,1,1-2,160,1,1-5,340,6,2-5,600,13,1-2-5,3130,11,1-2-5,1720,10,1,1,3721,守 田 俊 介,46,20,6.69,1,0.09,108.7,2,2,4409,坂 元 浩 仁,45,61,6.75,2,0.12,110.0,3,5,4150,山 田 雄 太,28,59,6.69,6,0.14,111.5,4,4,4415,下 出 卓 矢,34,50,6.66,4,0.12,113.0,5,6,4074,柳 沢 一,27,28,6.76,5,0.13,,6,3,4295,小 坂 尚 哉,17,21,6.62,3,0.13,
201804220101,第５２回東京中日スポーツ杯,第4日,2018/04/22,桐生,01R,一般,1800,晴,東,3,2,逃げ,1,240,1,200,3,250,1-3,1270,5,1-3,1100,6,1-3,180,2,1-4,180,3,3-4,340,7,1-3-4,2640,9,1-3-4,570,3,1,1,4323,山 田 佑 樹,44,14,6.8,1,0.12,110.7,2,3,4358,松 本 庸 平,41,33,6.76,3,0.11,112.1,3,4,3659,藤 生 雄 人,53,49,6.82,4,0.12,113.3,4,5,3460,堤 健 一,45,55,6.72,5,0.16,113.6,5,2,3694,木 村 恒 一,55,69,6.84,2,0.08,113.7,6,6,3827,今 泉 徹,63,67,6.85,6,0.17,115.6
201804220102,第５２回東京中日スポーツ杯,第4日,2018/04/22,桐生,02R,一般,1800,晴,東,3,2,,5,870,5,450,1,110,5-1,5360,19,1-5,1190,6,1-5,340,6,4-5,430,7,1-4,180,2,5-1-4,14480,45,1-4-5,750,3,1,5,4114,深 澤 達 徳,18,63,6.77,5,0.22,111.2,2,1,4635,峰 重 力 也,71,45,6.68,1,0.26,112.7,3,4,3687,花 田 和 明,46,30,6.8,4,0.21,113.6,4,3,4440,萩 原 知 哉,51,18,6.69,3,0.22,115.9,5,6,4091,荒 田 泰 明,19,37,6.82,6,0.2,116.1,6,2,3592,橋 本 健 造,61,54,6.7,2,0.34,121.0
201804220103,第５２回東京中日スポーツ杯,第4日,2018/04/22,桐生,03R,一般,1800,晴,東,3,2,,6,820,6,130,3,170,6-3,2530,13,3-6,1120,6,3-6,200,3,1-6,580,11,1-3,160,1,6-3-1,17280,69,1-3-6,1290,8,1,6,4579,中 嶋 健一郎,12,59,6.73,6,0.23,110.9,2,3,3902,蜷 川 哲 平,21,29,6.7,3,0.22,112.2,3,1,4394,永 嶋 裕 一,50,52,6.77,1,0.2,114.0,4,2,3521,今 村 賢二郎,32,27,6.78,2,0.22,115.2,5,5,4028,田 村 隆 信,26,43,6.82,5,0.19,116.1,6,4,3245,池 上 裕 次,29,31,6.77,4,0.2,117.2
201804220104,第５２回東京中日スポーツ杯,第4日,2018/04/22,桐生,04R,一般,1800,晴,東,3,2,,3,280,3,290,1,220,3-1,3100,14,1-3,1260,6,1-3,590,10,3-6,270,4,1-6,210,2,3-1-6,8100,39,1-3-6,700,4,1,3,3815,森 岡 満 郎,40,70,6.79,3,0.12,110.6,2,1,4651,佐 藤 大 騎,75,22,6.72,1,0.14,110.9,3,6,3959,坪 井 康 晴,15,16,6.71,4,0.08,112.9,4,4,4914,吉 田 裕 平,69,40,6.77,5,0.1,114.4,5,2,4688,永 井 彪 也,39,66,6.77,2,0.13,115.0,6,5,4535,北 山 康 介,60,65,6.75,6,0.07,115.5
201804220105,第５２回東京中日スポーツ杯,第4日,2018/04/22,桐生,05R,一般,1800,晴,東,3,2,逃げ,1,200,1,150,2,160,1-2,410,2,1-2,320,1,1-2,160,2,1-3,140,1,2-3,370,8,1-2-3,1170,2,1-2-3,390,1,1,1,4118,宇佐見 淳,22,19,6.77,1,0.2,111.3,2,2,4314,青 木 幸太郎,24,50,6.73,2,0.29,112.7,3,3,3538,菊 池 峰 晴,27,47,6.77,3,0.24,113.4,4,4,4607,鶴 田 勇 雄,42,73,6.76,4,0.2,114.2,5,6,4398,船 岡 洋一郎,31,38,6.7,6,0.23,115.9,6,5,4310,横 家 翔 一,54,12,6.74,5,0.23,118.7
201804220106,第５２回東京中日スポーツ杯,第4日,2018/04/22,桐生,06R,一般,1800,晴,東,2,1,逃げ,1,130,1,100,2,110,1-2,160,1,1-2,220,1,1-2,110,2,1-4,110,1,2-4,150,3,1-2-4,380,1,1-2-4,290,1,1,1,3983,須 藤 博 倫,68,56,6.81,1,0.09,110.3,2,2,4114,深 澤 達 徳,18,63,6.71,2,0.16,112.7,3,4,3668,市 川 猛,48,72,6.72,4,0.18,113.0,4,3,4837,酒 井 陽 祐,66,39,6.75,3,0.14,113.8,5,6,4979,中 野 夢 斗,64,64,6.78,6,0.21,115.5,6,5,4323,山 田 佑 樹,44,14,6.77,5,0.22,117.9
201804220107,第５２回東京中日スポーツ杯,第4日,2018/04/22,桐生,07R,一般,1800,晴,北東,2,1,,1,130,1,100,2,160,1-2,290,2,1-2,340,2,1-2,130,2,1-3,120,1,2-3,240,5,1-2-3,520,1,1-2-3,200,1,1,1,3952,中 澤 和 志,56,35,6.69,1,0.16,110.6,2,2,3664,鈴 木 賢 一,62,71,6.7,2,0.21,112.4,3,3,4584,村 岡 賢 人,11,44,6.76,3,0.17,113.3,4,6,3304,烏 野 賢 太,36,15,6.75,6,0.18,114.1,5,4,3911,鈴 木 猛,17,20,6.75,4,0.19,115.5,6,5,4180,上 野 秀 和,70,34,6.75,5,0.24,117.5
201804220108,第５２回東京中日スポーツ杯,第4日,2018/04/22,桐生,08R,一般,1800,晴,,0,0,逃げ,1,120,1,100,5,110,1-5,340,1,1-5,230,1,1-5,120,1,1-2,180,2,2-5,220,5,1-5-2,920,1,1-2-5,320,1,1,1,3956,横 澤 剛 治,23,28,6.81,1,0.15,110.2,2,5,4083,福 島 勇 樹,58,17,6.66,5,0.06,111.0,3,2,4219,本 岡 勝 利,28,61,6.76,2,0.14,113.4,4,3,4914,吉 田 裕 平,69,40,6.77,3,0.17,114.1,5,6,3521,今 村 賢二郎,32,27,6.8,6,0.08,115.3,6,4,3460,堤 健 一,45,55,6.76,4,0.1,115.9
201804220109,第５２回東京中日スポーツ杯,第4日,2018/04/22,桐生,09R,準優勝戦,1800,晴,,0,0,まくり,5,1410,5,730,1,160,5-1,4760,11,1-5,930,4,1-5,270,5,2-5,500,9,1-2,140,1,5-1-2,13870,31,1-2-5,700,3,1,5,3592,橋 本 健 造,61,54,6.73,5,0.07,110.3,2,1,4579,中 嶋 健一郎,12,59,6.83,1,0.15,112.2,3,2,4535,北 山 康 介,60,65,6.72,2,0.08,113.3,4,3,4607,鶴 田 勇 雄,42,73,6.85,3,0.1,114.2,5,4,3538,菊 池 峰 晴,27,47,6.76,4,0.14,114.6,6,6,4651,佐 藤 大 騎,75,22,6.77,6,0.01,115.8
201804220110,第５２回東京中日スポーツ杯,第4日,2018/04/22,桐生,10R,準優勝戦,1800,晴,,0,0,逃げ,1,130,1,150,3,260,1-3,380,2,1-3,320,2,1-3,140,2,1-2,140,1,2-3,300,6,1-3-2,800,2,1-2-3,280,1,1,1,4398,船 岡 洋一郎,31,38,6.73,1,0.19,109.6,2,3,3983,須 藤 博 倫,68,56,6.74,3,0.13,111.0,3,2,3952,中 澤 和 志,56,35,6.76,2,0.13,112.1,4,4,4028,田 村 隆 信,26,43,6.81,4,0.14,113.8,5,5,4688,永 井 彪 也,39,66,6.77,5,0.12,114.6,6,6,4635,峰 重 力 也,71,45,6.77,6,0.18,117.1
201804220111,第５２回東京中日スポーツ杯,第4日,2018/04/22,桐生,11R,準優勝戦,1800,晴,,0,0,逃げ,1,100,1,100,3,310,1-3,320,1,1-3,270,1,1-3,100,1,1-4,140,2,3-4,270,6,1-3-4,730,1,1-3-4,340,1,1,1,3959,坪 井 康 晴,15,16,6.64,1,0.11,109.3,2,3,3687,花 田 和 明,46,30,6.8,3,0.08,111.2,3,4,3902,蜷 川 哲 平,21,29,6.8,4,0.1,112.6,4,5,3664,鈴 木 賢 一,62,71,6.78,5,0.12,112.8,5,2,3245,池 上 裕 次,29,31,6.81,2,0.07,113.9,6,6,4118,宇佐見 淳,22,19,6.81,6,0.08,115.2
201804220112,第５２回東京中日スポーツ杯,第4日,2018/04/22,桐生,12R,一般特賞,1800,晴,北西,1,1,逃げ,1,200,1,200,2,290,1-2,480,2,1-2,410,2,1-2,230,3,1-6,290,5,2-6,690,10,1-2-6,4370,14,1-2-6,1580,7,1,1,4310,横 家 翔 一,54,12,6.73,1,0.11,110.7,2,2,4180,上 野 秀 和,70,34,6.79,2,0.19,112.1,3,6,4394,永 嶋 裕 一,50,52,6.86,6,0.14,113.2,4,4,4440,萩 原 知 哉,51,18,6.8,4,0.14,113.9,5,3,4219,本 岡 勝 利,28,61,6.8,3,0.16,115.5,6,5,3668,市 川 猛,48,72,6.8,5,0.16,119.2
