レースコード,レース日,レース場コード,レース回,状態,荒れ度,P_その他_1,P_その他_2,P_その他_3,P_その他_4,P_その他_5,P_その他_6,P_まくり_2,P_まくり_3,P_まくり_4,P_まくり_5,P_まくり_6,P_まくり差し_3,P_まくり差し_4,P_まくり差し_5,P_まくり差し_6,P_差し_2,P_差し_3,P_差し_4,P_差し_5,P_差し_6,P_抜き_1,P_抜き_2,P_抜き_3,P_抜き_4,P_抜き_5,P_抜き_6,P_恵まれ_2,P_恵まれ_3,P_恵まれ_4,P_恵まれ_5,P_逃げ_1,P_逃げ_2
202610080101,2026-10-08,01,01R,daily,0.6449,0.005024,0.002670,0.000721,0.000359,0.000262,0.001802,0.052675,0.048241,0.139187,0.016718,0.021768,0.040341,0.056334,0.036640,0.041712,0.057417,0.014572,0.017931,0.004756,0.011401,0.017417,0.009415,0.012355,0.008767,0.007019,0.008913,0.001015,0.001479,0.001375,0.002683,0.355146,0.003887
202610080101,2026-10-08,01,01R,realtime,0.7264,0.002160,0.001445,0.000754,0.000391,0.000266,0.001682,0.055317,0.041463,0.262937,0.006606,0.040170,0.028205,0.044336,0.019102,0.053249,0.051976,0.013700,0.017728,0.004217,0.015309,0.012260,0.011788,0.009621,0.008475,0.003611,0.009914,0.000647,0.000613,0.001496,0.002254,0.273592,0.004715
202610080102,2026-10-08,01,02R,daily,0.6365,0.005544,0.003333,0.000860,0.000269,0.000238,0.000895,0.037409,0.121471,0.043460,0.024873,0.019459,0.092137,0.023410,0.052737,0.031347,0.036340,0.037147,0.008608,0.005306,0.011244,0.016898,0.006827,0.027756,0.003055,0.008444,0.006232,0.001156,0.001553,0.001185,0.001649,0.363486,0.005670
202610080102,2026-10-08,01,02R,realtime,0.5906,0.005908,0.001435,0.000824,0.000309,0.000229,0.000952,0.032110,0.094978,0.043195,0.017602,0.055671,0.078736,0.013444,0.034196,0.056511,0.024454,0.032544,0.004486,0.004074,0.014796,0.015544,0.007289,0.022383,0.002505,0.005829,0.011274,0.001166,0.000743,0.001413,0.001446,0.409442,0.004513
202610080103,2026-10-08,01,03R,daily,0.6866,0.004963,0.003699,0.001125,0.000385,0.000373,0.001504,0.061749,0.059281,0.042316,0.050657,0.017451,0.039659,0.021329,0.096606,0.050089,0.096213,0.023046,0.014516,0.008193,0.012457,0.017292,0.009857,0.009010,0.004989,0.012545,0.010169,0.001020,0.001402,0.001577,0.003170,0.313351,0.010007
202610080103,2026-10-08,01,03R,realtime,0.5457,0.002015,0.001229,0.000732,0.000360,0.000294,0.001157,0.027700,0.065089,0.012584,0.042649,0.025353,0.043434,0.011288,0.088048,0.065001,0.054787,0.016047,0.006613,0.006957,0.009807,0.017832,0.006825,0.007707,0.002905,0.007632,0.009978,0.000576,0.000742,0.001031,0.002720,0.454257,0.006650
202610080104,2026-10-08,01,04R,daily,0.6395,0.003937,0.003130,0.000933,0.000331,0.000342,0.001039,0.031440,0.042211,0.021661,0.069946,0.025054,0.035697,0.012871,0.123157,0.080556,0.071226,0.013814,0.005446,0.007136,0.012344,0.018438,0.007048,0.006705,0.002424,0.013612,0.011382,0.001063,0.001034,0.001347,0.002954,0.360492,0.011233
202610080104,2026-10-08,01,04R,realtime,0.6097,0.001909,0.000854,0.000422,0.000262,0.000248,0.000878,0.017101,0.022002,0.021933,0.109357,0.015094,0.022119,0.008645,0.180865,0.081628,0.041600,0.006405,0.003183,0.006713,0.008747,0.017743,0.004845,0.003850,0.002068,0.010179,0.011232,0.000672,0.000570,0.000921,0.002407,0.390335,0.005213
202610080105,2026-10-08,01,05R,daily,0.7778,0.004593,0.002131,0.001182,0.000348,0.000292,0.000781,0.180124,0.062726,0.077714,0.013555,0.004068,0.033306,0.026836,0.023018,0.006979,0.170159,0.024228,0.029124,0.004442,0.002824,0.015149,0.029810,0.013907,0.012927,0.004929,0.001996,0.002119,0.001765,0.001374,0.002346,0.222209,0.023037
202610080105,2026-10-08,01,05R,realtime,0.7347,0.002123,0.002617,0.001241,0.000497,0.000329,0.000905,0.140477,0.100044,0.091525,0.007569,0.009251,0.039947,0.035497,0.018589,0.010675,0.110287,0.022813,0.028754,0.005005,0.004063,0.013597,0.029397,0.013076,0.017805,0.003908,0.002751,0.001776,0.001387,0.001303,0.002298,0.265286,0.015208
202610080106,2026-10-08,01,06R,daily,0.2609,0.001612,0.001068,0.000212,0.000117,0.000123,0.000618,0.007416,0.024731,0.036666,0.010576,0.003455,0.029810,0.022420,0.023641,0.007638,0.029770,0.004027,0.005965,0.000955,0.001060,0.023561,0.004471,0.005029,0.004857,0.003899,0.000607,0.000728,0.001058,0.001412,0.000881,0.739110,0.002505
202610080106,2026-10-08,01,06R,realtime,0.2013,0.001505,0.000393,0.000215,0.000112,0.000109,0.000431,0.007270,0.026709,0.015154,0.005029,0.003417,0.027606,0.013298,0.016680,0.007116,0.023393,0.003524,0.004797,0.000788,0.001037,0.024581,0.003782,0.004296,0.002639,0.002436,0.000413,0.000361,0.000504,0.000958,0.000851,0.798676,0.001924
202610080107,2026-10-08,01,07R,daily,0.4896,0.004476,0.002023,0.000473,0.000197,0.000185,0.001190,0.030634,0.067189,0.065562,0.008976,0.003723,0.075531,0.026544,0.029547,0.009962,0.058538,0.021548,0.008992,0.002724,0.001772,0.017710,0.006133,0.022197,0.006643,0.003690,0.001315,0.001534,0.001851,0.002594,0.001072,0.510366,0.005110
202610080107,2026-10-08,01,07R,realtime,0.5895,0.008627,0.020760,0.003144,0.000299,0.000365,0.000923,0.057806,0.053694,0.084408,0.021127,0.013330,0.025476,0.034395,0.024445,0.017387,0.075696,0.010012,0.006090,0.005486,0.006060,0.017494,0.009979,0.014892,0.005449,0.002761,0.002611,0.002549,0.001331,0.002380,0.005114,0.410507,0.055402
202610080108,2026-10-08,01,08R,daily,0.4404,0.003549,0.001232,0.000355,0.000160,0.000217,0.000874,0.019149,0.019831,0.022201,0.063317,0.003810,0.016906,0.010490,0.144065,0.009791,0.049151,0.004556,0.003301,0.007923,0.001387,0.026152,0.006128,0.003458,0.002588,0.011260,0.000794,0.001081,0.000774,0.001290,0.001231,0.559561,0.003420
202610080108,2026-10-08,01,08R,realtime,0.4065,0.006760,0.004318,0.000693,0.000295,0.000198,0.001145,0.011997,0.017936,0.102901,0.006510,0.012971,0.016854,0.091029,0.011145,0.015330,0.029976,0.003566,0.016253,0.000978,0.002306,0.016990,0.004594,0.003218,0.011805,0.001723,0.001263,0.001219,0.001447,0.002248,0.001644,0.593500,0.007187
202610080109,2026-10-08,01,09R,daily,0.6380,0.003013,0.001817,0.001053,0.000252,0.000223,0.000726,0.068322,0.095413,0.040498,0.006478,0.005152,0.092406,0.028819,0.017409,0.007313,0.101807,0.053100,0.019558,0.001369,0.002528,0.018762,0.022425,0.014509,0.004943,0.002473,0.001801,0.001615,0.002556,0.000869,0.001568,0.362047,0.019176
202610080109,2026-10-08,01,09R,realtime,0.6500,0.001291,0.001540,0.001018,0.000239,0.000223,0.000614,0.095745,0.077967,0.062549,0.003815,0.003017,0.071528,0.027800,0.011167,0.004169,0.125784,0.054687,0.026422,0.001745,0.002267,0.013460,0.022145,0.016551,0.004710,0.001229,0.001388,0.001255,0.002261,0.000685,0.001301,0.350044,0.011383
202610080110,2026-10-08,01,10R,daily,0.5467,0.004433,0.001921,0.000917,0.000304,0.000217,0.001207,0.079338,0.037713,0.067009,0.008498,0.008887,0.027671,0.020951,0.021100,0.012110,0.150216,0.015512,0.011218,0.002225,0.002495,0.019392,0.016403,0.006866,0.004937,0.002441,0.002691,0.001492,0.001499,0.001732,0.002231,0.453289,0.013086
202610080110,2026-10-08,01,10R,realtime,0.3922,0.001601,0.001728,0.000904,0.000321,0.000179,0.001104,0.035166,0.050791,0.029886,0.005748,0.011206,0.033369,0.016245,0.016766,0.009174,0.099110,0.011964,0.007024,0.002230,0.001686,0.015117,0.010200,0.007707,0.004128,0.000950,0.002623,0.001108,0.001347,0.001246,0.002098,0.607777,0.009499
202610080111,2026-10-08,01,11R,daily,0.3270,0.002517,0.000963,0.000435,0.000133,0.000126,0.000553,0.011977,0.050011,0.034826,0.004634,0.002172,0.065129,0.018573,0.012360,0.003087,0.044631,0.013051,0.008613,0.001221,0.000930,0.022589,0.004499,0.009059,0.003212,0.001566,0.000685,0.001623,0.001010,0.001047,0.000980,0.672952,0.004832
202610080111,2026-10-08,01,11R,realtime,0.3543,0.001928,0.000812,0.000748,0.000161,0.000135,0.000485,0.012222,0.076529,0.033640,0.002218,0.002083,0.068803,0.015095,0.010879,0.002271,0.049774,0.015285,0.009383,0.000984,0.000940,0.017837,0.005711,0.011161,0.002706,0.001267,0.000602,0.000947,0.000876,0.000989,0.001095,0.645750,0.006683
202610080112,2026-10-08,01,12R,daily,0.3714,0.003534,0.001394,0.000568,0.000188,0.000192,0.000934,0.027042,0.029328,0.029863,0.010826,0.004124,0.032225,0.017135,0.048651,0.006246,0.076140,0.009620,0.007441,0.003385,0.001964,0.023786,0.007429,0.004501,0.002943,0.006131,0.001226,0.001089,0.000799,0.000882,0.001150,0.628638,0.010625
202610080112,2026-10-08,01,12R,realtime,0.5369,0.014504,0.006201,0.001579,0.000302,0.000405,0.001042,0.018249,0.056891,0.023103,0.065378,0.005071,0.047804,0.029221,0.096252,0.017602,0.040662,0.016370,0.016069,0.006161,0.003750,0.017314,0.001896,0.005326,0.007600,0.005439,0.002099,0.001838,0.003765,0.002322,0.003619,0.463066,0.019103
202610080301,2026-10-08,03,01R,daily,0.6624,0.003035,0.001861,0.000392,0.000271,0.000311,0.000699,0.033500,0.088496,0.077387,0.061939,0.011295,0.037253,0.026357,0.070651,0.028618,0.044097,0.013832,0.027962,0.013185,0.009502,0.025617,0.009597,0.027948,0.009967,0.024912,0.006441,0.000724,0.001644,0.002217,0.001747,0.337630,0.000914
202610080301,2026-10-08,03,01R,realtime,0.5679,0.001429,0.000482,0.000420,0.000389,0.000226,0.000571,0.035899,0.030308,0.103840,0.058580,0.011573,0.024891,0.022102,0.098660,0.022297,0.030224,0.009214,0.014529,0.010787,0.004671,0.019884,0.006904,0.014577,0.009136,0.020990,0.007975,0.000532,0.001223,0.002156,0.002557,0.432127,0.000848
202610080302,2026-10-08,03,02R,daily,0.8072,0.002061,0.001183,0.000889,0.000261,0.000251,0.000338,0.110914,0.194734,0.038059,0.042562,0.003530,0.062831,0.011998,0.036932,0.006454,0.102854,0.033491,0.017678,0.011276,0.004437,0.022868,0.023294,0.039422,0.011101,0.014663,0.003302,0.001030,0.001825,0.001787,0.001674,0.192766,0.003535
202610080302,2026-10-08,03,02R,realtime,0.8110,0.000653,0.000435,0.000662,0.000366,0.000185,0.000238,0.127929,0.154960,0.043399,0.065008,0.001288,0.077248,0.013685,0.055903,0.006307,0.079375,0.031534,0.009117,0.013074,0.001944,0.016298,0.017174,0.032268,0.009048,0.038867,0.003657,0.001180,0.002773,0.002254,0.002085,0.189023,0.002065
202610080303,2026-10-08,03,03R,daily,0.7717,0.001469,0.001213,0.000336,0.000237,0.000255,0.000436,0.020624,0.065515,0.090533,0.109696,0.003253,0.025619,0.045604,0.188004,0.007625,0.025889,0.012429,0.014666,0.020037,0.003617,0.023090,0.013089,0.014962,0.010460,0.064278,0.001186,0.001151,0.001396,0.002611,0.001543,0.228345,0.000830
202610080303,2026-10-08,03,03R,realtime,0.7526,0.002235,0.000189,0.000214,0.000227,0.000209,0.000277,0.011530,0.044983,0.091863,0.102859,0.001695,0.021085,0.035644,0.263291,0.004850,0.014454,0.005319,0.010695,0.014857,0.002039,0.019695,0.005746,0.010053,0.009475,0.070861,0.001085,0.000784,0.000916,0.002443,0.002732,0.247351,0.000345
202610080304,2026-10-08,03,04R,daily,0.7172,0.002794,0.000751,0.000566,0.000221,0.000237,0.000381,0.132860,0.054893,0.013290,0.067357,0.004342,0.018956,0.003247,0.049534,0.006363,0.219071,0.012949,0.004657,0.008629,0.001885,0.027913,0.047325,0.009825,0.002697,0.013022,0.001693,0.001347,0.001483,0.001582,0.001677,0.282801,0.005649
202610080304,2026-10-08,03,04R,realtime,0.7329,0.000995,0.000771,0.000272,0.000226,0.000180,0.000309,0.172398,0.030858,0.014570,0.095690,0.001837,0.011728,0.001896,0.075531,0.005073,0.191309,0.009183,0.003013,0.007980,0.001360,0.023473,0.042679,0.007402,0.002213,0.020099,0.001576,0.001316,0.001490,0.001352,0.002135,0.267080,0.004006
202610080305,2026-10-08,03,05R,daily,0.9293,0.001740,0.000914,0.000773,0.000396,0.000198,0.000435,0.330597,0.049935,0.125464,0.009851,0.004111,0.018105,0.030398,0.010843,0.005991,0.154449,0.020742,0.037388,0.004869,0.003291,0.010498,0.053727,0.012437,0.021626,0.004250,0.003385,0.001830,0.002424,0.001527,0.001931,0.070693,0.005181
202610080305,2026-10-08,03,05R,realtime,0.9070,0.000327,0.000659,0.000311,0.000376,0.000163,0.000318,0.445261,0.026426,0.086703,0.003805,0.003008,0.013203,0.029328,0.008074,0.006585,0.133527,0.013906,0.026618,0.003086,0.002365,0.010161,0.050506,0.008562,0.019382,0.003073,0.002964,0.001520,0.002312,0.001405,0.001308,0.092950,0.001811
202610080306,2026-10-08,03,06R,daily,0.8890,0.002205,0.000969,0.000840,0.000301,0.000290,0.000448,0.235132,0.071103,0.039310,0.073581,0.002197,0.017745,0.012303,0.064445,0.003267,0.181959,0.019037,0.014567,0.019121,0.002723,0.016884,0.052146,0.013456,0.009521,0.020899,0.001866,0.001353,0.001208,0.001733,0.002370,0.110983,0.006039
202610080306,2026-10-08,03,06R,realtime,0.8310,0.000460,0.000559,0.000371,0.000254,0.000258,0.000306,0.221939,0.072148,0.012862,0.055552,0.001523,0.021495,0.006652,0.083365,0.002659,0.187720,0.014636,0.009528,0.015416,0.002596,0.020489,0.041199,0.013975,0.007198,0.027219,0.001548,0.000974,0.001374,0.001213,0.002515,0.169042,0.002956
202610080307,2026-10-08,03,07R,daily,0.6631,0.001399,0.000938,0.000319,0.000242,0.000190,0.000510,0.023377,0.054025,0.235009,0.013586,0.004317,0.024146,0.076939,0.020670,0.006111,0.044074,0.008560,0.033387,0.004434,0.002691,0.021475,0.013310,0.022953,0.030745,0.009633,0.001999,0.001565,0.001660,0.002264,0.001539,0.336948,0.000987
202610080307,2026-10-08,03,07R,realtime,0.6572,0.001044,0.000266,0.000216,0.000219,0.000233,0.000445,0.033817,0.052384,0.219425,0.006289,0.001854,0.021807,0.081628,0.017223,0.003509,0.048605,0.009067,0.042534,0.004490,0.003599,0.022391,0.020879,0.017078,0.029431,0.009531,0.002019,0.001003,0.001569,0.002248,0.001383,0.342769,0.001046
202610080308,2026-10-08,03,08R,daily,0.4523,0.001715,0.001122,0.000351,0.000227,0.000180,0.000558,0.032582,0.048051,0.055154,0.026025,0.014088,0.020542,0.012288,0.023988,0.028040,0.061642,0.008082,0.007124,0.005554,0.009554,0.045481,0.014993,0.011001,0.003523,0.005906,0.006344,0.001393,0.001881,0.001629,0.001829,0.547735,0.001415
202610080308,2026-10-08,03,08R,realtime,0.4282,0.001993,0.000488,0.000153,0.000212,0.000181,0.000502,0.033486,0.026062,0.044545,0.021590,0.021408,0.015070,0.008264,0.025175,0.055033,0.053545,0.007941,0.004214,0.004080,0.010147,0.045654,0.014705,0.009025,0.002759,0.006410,0.007849,0.001488,0.002128,0.001663,0.001072,0.571782,0.001376
202610080309,2026-10-08,03,09R,daily,0.2872,0.000553,0.000663,0.000258,0.000134,0.000110,0.000390,0.009773,0.039875,0.011842,0.004982,0.008348,0.041483,0.007157,0.005605,0.012128,0.073153,0.005557,0.004965,0.001308,0.002749,0.025148,0.003882,0.007913,0.004290,0.001222,0.006946,0.001956,0.001853,0.001405,0.000806,0.712754,0.000792
202610080309,2026-10-08,03,09R,realtime,0.2263,0.001000,0.000185,0.000152,0.000108,0.000103,0.000334,0.003854,0.036826,0.018630,0.002364,0.003572,0.034315,0.008225,0.005796,0.009427,0.040896,0.003793,0.003564,0.001331,0.002067,0.021387,0.002241,0.006227,0.004359,0.000766,0.007389,0.002461,0.001852,0.001784,0.000513,0.773651,0.000828
202610080310,2026-10-08,03,10R,daily,0.3489,0.001109,0.001088,0.000293,0.000176,0.000120,0.000575,0.004494,0.052300,0.040667,0.013305,0.021772,0.029098,0.016409,0.016465,0.035929,0.016896,0.006132,0.004609,0.003497,0.007962,0.034217,0.004950,0.013318,0.002879,0.004445,0.009643,0.001194,0.001991,0.001729,0.001294,0.651103,0.000342
202610080310,2026-10-08,03,10R,realtime,0.2889,0.002356,0.000122,0.000143,0.000107,0.000111,0.000468,0.001493,0.050114,0.024685,0.004456,0.033434,0.023990,0.011546,0.009597,0.036811,0.008348,0.004058,0.002813,0.002132,0.007676,0.033921,0.002923,0.010967,0.002056,0.001779,0.008402,0.000786,0.001053,0.001555,0.000683,0.711114,0.000302
202610080311,2026-10-08,03,11R,daily,0.3406,0.001194,0.000635,0.000396,0.000144,0.000134,0.000527,0.017561,0.064774,0.012456,0.012944,0.006757,0.058134,0.004745,0.009634,0.008611,0.042494,0.011685,0.004101,0.001963,0.003097,0.034236,0.007788,0.018456,0.002001,0.005136,0.002891,0.000736,0.002700,0.001549,0.001214,0.659438,0.001866
202610080311,2026-10-08,03,11R,realtime,0.3221,0.001528,0.000257,0.000296,0.000153,0.000130,0.000469,0.016806,0.053093,0.011069,0.015477,0.007948,0.056442,0.004419,0.010795,0.013377,0.031078,0.010923,0.001945,0.002198,0.002516,0.033463,0.009006,0.018724,0.001513,0.006609,0.003333,0.000752,0.002884,0.001952,0.000913,0.677877,0.002053
202610080312,2026-10-08,03,12R,daily,0.2355,0.001160,0.000311,0.000245,0.000107,0.000106,0.000343,0.008813,0.025801,0.015918,0.013912,0.004403,0.023166,0.006668,0.017292,0.005645,0.034855,0.005649,0.003168,0.002371,0.001409,0.035018,0.007099,0.009239,0.001816,0.004777,0.001227,0.000774,0.001388,0.000942,0.000758,0.764547,0.001072
202610080312,2026-10-08,03,12R,realtime,0.1531,0.000895,0.000146,0.000109,0.000066,0.000079,0.000198,0.006481,0.015814,0.007697,0.012083,0.002173,0.012145,0.003620,0.008680,0.002911,0.021406,0.002420,0.001739,0.001722,0.001004,0.032609,0.005549,0.005862,0.000771,0.003078,0.000594,0.000353,0.000553,0.000714,0.000588,0.846921,0.001023
202610080501,2026-10-08,05,01R,daily,0.7086,0.003302,0.001813,0.000478,0.000313,0.000246,0.000323,0.120081,0.060558,0.032006,0.057367,0.017321,0.040215,0.015441,0.063849,0.019855,0.134896,0.013074,0.010958,0.005809,0.011071,0.026144,0.012707,0.015137,0.002271,0.018597,0.009413,0.001310,0.000889,0.002039,0.005245,0.291431,0.005841
202610080501,2026-10-08,05,01R,realtime,0.6567,0.003372,0.003837,0.000711,0.000298,0.000242,0.000229,0.127407,0.045650,0.020123,0.048398,0.024459,0.028275,0.009003,0.049823,0.007822,0.156067,0.009721,0.005238,0.004741,0.002738,0.024144,0.017743,0.015126,0.002489,0.020281,0.001485,0.001140,0.000782,0.002076,0.006550,0.343307,0.016723
202610080502,2026-10-08,05,02R,daily,0.6702,0.002573,0.001180,0.000502,0.000363,0.000344,0.000754,0.049646,0.031654,0.084910,0.048637,0.049095,0.022054,0.043868,0.072700,0.052899,0.074144,0.009555,0.016494,0.013037,0.006970,0.017186,0.012605,0.017570,0.008752,0.014534,0.009200,0.001376,0.000794,0.001252,0.003392,0.329770,0.002194
202610080502,2026-10-08,05,02R,realtime,0.7291,0.004578,0.001994,0.000681,0.000494,0.000383,0.001078,0.028326,0.025073,0.130070,0.123963,0.045055,0.012468,0.083805,0.024414,0.076765,0.050916,0.005380,0.029460,0.004913,0.011725,0.013040,0.008042,0.006092,0.009265,0.009135,0.008624,0.001278,0.000532,0.002140,0.004818,0.270925,0.004567
202610080503,2026-10-08,05,03R,daily,0.6715,0.002403,0.001445,0.000516,0.000364,0.000221,0.000673,0.043067,0.030290,0.170944,0.012061,0.027789,0.023313,0.074085,0.041199,0.045461,0.054284,0.008231,0.038055,0.006032,0.016938,0.020916,0.008292,0.007285,0.012595,0.007621,0.009752,0.000877,0.001256,0.001398,0.002098,0.328471,0.002066
202610080503,2026-10-08,05,03R,realtime,0.6057,0.001924,0.000529,0.000362,0.000415,0.000221,0.000757,0.027734,0.023764,0.169555,0.008774,0.035036,0.019559,0.062282,0.037135,0.043824,0.045701,0.005605,0.038669,0.003677,0.012400,0.018293,0.007764,0.005172,0.013922,0.004985,0.011038,0.000710,0.000905,0.001360,0.002195,0.394322,0.001411
202610080504,2026-10-08,05,04R,daily,0.5772,0.001995,0.001075,0.000407,0.000258,0.000188,0.000390,0.068793,0.071571,0.074499,0.013697,0.009279,0.045475,0.041074,0.020856,0.008222,0.073728,0.023999,0.034340,0.002828,0.002070,0.026878,0.016278,0.014454,0.008964,0.005050,0.001619,0.001160,0.001467,0.001589,0.001800,0.422806,0.003190
202610080504,2026-10-08,05,04R,realtime,0.6207,0.001643,0.000592,0.000286,0.000309,0.000209,0.000502,0.065827,0.127256,0.077107,0.020112,0.006606,0.053548,0.046586,0.018821,0.011332,0.052843,0.026578,0.031020,0.005559,0.002159,0.020007,0.015087,0.011376,0.010883,0.004239,0.002470,0.001201,0.001369,0.001410,0.001734,0.379328,0.002003
202610080505,2026-10-08,05,05R,daily,0.5860,0.002078,0.001173,0.000762,0.000309,0.000239,0.000549,0.030133,0.097864,0.052772,0.015473,0.015220,0.097045,0.034653,0.027460,0.020177,0.045817,0.031555,0.021183,0.004298,0.004452,0.021986,0.006698,0.022783,0.008815,0.005137,0.006411,0.002459,0.002289,0.001527,0.002365,0.413958,0.002360
202610080505,2026-10-08,05,05R,realtime,0.4996,0.001120,0.000372,0.000883,0.000352,0.000216,0.000465,0.022199,0.074646,0.042946,0.008722,0.021258,0.103081,0.024987,0.022261,0.021130,0.036665,0.027096,0.010059,0.003082,0.003565,0.022793,0.005884,0.018380,0.006665,0.003793,0.006985,0.002439,0.001550,0.001677,0.002702,0.500356,0.001672
202610080506,2026-10-08,05,06R,daily,0.5113,0.002088,0.001431,0.000331,0.000236,0.000146,0.000425,0.046544,0.038237,0.034911,0.017802,0.102807,0.023195,0.015059,0.023352,0.062712,0.050410,0.008651,0.003660,0.003552,0.009516,0.024941,0.011611,0.006924,0.001415,0.003927,0.010497,0.001145,0.000811,0.001390,0.002108,0.488712,0.001454
202610080506,2026-10-08,05,06R,realtime,0.5751,0.002105,0.000755,0.000187,0.000236,0.000119,0.000482,0.040149,0.022385,0.036122,0.010387,0.185382,0.019256,0.006505,0.014311,0.112893,0.042746,0.008295,0.001464,0.002474,0.008537,0.016643,0.009840,0.004931,0.001283,0.002019,0.019410,0.001394,0.000516,0.001531,0.001443,0.424887,0.001313
202610080507,2026-10-08,05,07R,daily,0.5990,0.002208,0.002090,0.000446,0.000305,0.000209,0.000621,0.025922,0.055662,0.129150,0.008763,0.027070,0.035067,0.060277,0.018569,0.041050,0.046952,0.016390,0.039506,0.002849,0.009236,0.015412,0.006432,0.015233,0.014245,0.004489,0.010972,0.001151,0.001372,0.002707,0.002451,0.400988,0.002204
202610080507,2026-10-08,05,07R,realtime,0.5690,0.001484,0.000470,0.000330,0.000367,0.000164,0.000632,0.016604,0.043484,0.147740,0.002828,0.034516,0.036113,0.057933,0.014682,0.049950,0.030913,0.014969,0.029985,0.001845,0.004951,0.012531,0.005604,0.012304,0.019058,0.002484,0.019238,0.001097,0.001178,0.002667,0.001729,0.430969,0.001183
202610080508,2026-10-08,05,08R,daily,0.5405,0.003269,0.001404,0.000549,0.000257,0.000188,0.000883,0.031511,0.064822,0.052470,0.014919,0.038473,0.052401,0.025193,0.027168,0.069745,0.043898,0.021461,0.008561,0.005487,0.009068,0.023183,0.007053,0.011994,0.003086,0.005397,0.010033,0.001275,0.001423,0.002087,0.002035,0.459510,0.001195
202610080508,2026-10-08,05,08R,realtime,0.4904,0.001774,0.000434,0.000469,0.000229,0.000166,0.000709,0.019984,0.040658,0.058579,0.007090,0.058983,0.037503,0.015598,0.018524,0.111667,0.028113,0.014794,0.003626,0.004458,0.011319,0.018591,0.005160,0.010770,0.002136,0.002866,0.009688,0.001157,0.000703,0.002200,0.001591,0.509558,0.000903
202610080509,2026-10-08,05,09R,daily,0.3183,0.001036,0.000350,0.000153,0.000106,0.000105,0.000415,0.024074,0.023393,0.054099,0.010390,0.002021,0.025286,0.030842,0.025927,0.002254,0.051391,0.004921,0.006204,0.003006,0.000517,0.027081,0.005684,0.007276,0.004253,0.002557,0.000434,0.001000,0.000662,0.001393,0.000848,0.681716,0.000605
202610080509,2026-10-08,05,09R,realtime,0.3269,0.001337,0.000224,0.000189,0.000126,0.000111,0.000304,0.024013,0.022814,0.093161,0.005552,0.001428,0.023139,0.023210,0.023540,0.002286,0.041252,0.004928,0.005585,0.002885,0.000476,0.026141,0.005850,0.005571,0.004601,0.002474,0.000566,0.000991,0.000417,0.001651,0.001276,0.673118,0.000781
202610080510,2026-10-08,05,10R,daily,0.3226,0.001136,0.000305,0.000250,0.000096,0.000080,0.000196,0.012748,0.054707,0.013062,0.003674,0.003772,0.092774,0.010209,0.009742,0.003003,0.044293,0.013272,0.006345,0.000593,0.001227,0.029243,0.003423,0.008942,0.001317,0.001236,0.001209,0.000615,0.000710,0.000706,0.000885,0.677410,0.002820
202610080510,2026-10-08,05,10R,realtime,0.3071,0.000745,0.000191,0.000223,0.000110,0.000072,0.000167,0.012350,0.068653,0.009920,0.001587,0.002392,0.090885,0.009956,0.005347,0.002351,0.038374,0.010203,0.005108,0.000510,0.000817,0.026272,0.003581,0.009214,0.000951,0.000844,0.001154,0.000431,0.000454,0.000823,0.000633,0.692862,0.002819
202610080511,2026-10-08,05,11R,daily,0.2383,0.001129,0.000339,0.000176,0.000117,0.000090,0.000343,0.009474,0.015196,0.056637,0.003979,0.003589,0.019279,0.021912,0.010143,0.003896,0.030319,0.003959,0.011064,0.001148,0.000870,0.026133,0.003851,0.003382,0.004188,0.001645,0.000609,0.000968,0.001251,0.001040,0.000692,0.761744,0.000838
202610080511,2026-10-08,05,11R,realtime,0.2883,0.001706,0.000325,0.000195,0.000170,0.000111,0.000349,0.013832,0.013083,0.090169,0.003472,0.001602,0.016517,0.025945,0.014420,0.003426,0.035140,0.004180,0.013173,0.001184,0.000747,0.026196,0.005407,0.003276,0.004980,0.002216,0.000747,0.001269,0.001234,0.001235,0.000810,0.711721,0.001164
202610080512,2026-10-08,05,12R,daily,0.3380,0.001562,0.000597,0.000330,0.000182,0.000144,0.000573,0.012185,0.046969,0.042461,0.005075,0.007972,0.051047,0.024214,0.013962,0.007627,0.042342,0.010305,0.011916,0.002011,0.001139,0.024442,0.004075,0.009652,0.005066,0.002104,0.001865,0.002830,0.001474,0.001327,0.001235,0.661974,0.001342
202610080512,2026-10-08,05,12R,realtime,0.2546,0.001046,0.000219,0.000339,0.000168,0.000128,0.000410,0.007695,0.030298,0.043533,0.001468,0.005466,0.037385,0.019775,0.006680,0.005334,0.032753,0.006837,0.007164,0.001319,0.000814,0.022821,0.003372,0.006996,0.003398,0.001237,0.001414,0.002167,0.000799,0.001176,0.001016,0.745353,0.001418
202610080701,2026-10-08,07,01R,daily,0.4324,0.002417,0.001584,0.000603,0.000288,0.000157,0.000317,0.014919,0.046940,0.049962,0.006391,0.010021,0.109905,0.028966,0.019951,0.018648,0.022757,0.016818,0.012351,0.002139,0.002975,0.016414,0.004720,0.021749,0.004957,0.003523,0.003693,0.001379,0.001817,0.001021,0.001298,0.567622,0.003700
202610080701,2026-10-08,07,01R,realtime,0.4085,0.001637,0.000416,0.000595,0.000308,0.000110,0.000215,0.006734,0.041804,0.054077,0.002833,0.008455,0.134161,0.020990,0.016276,0.013982,0.017356,0.021484,0.008625,0.001589,0.001563,0.010804,0.002808,0.022256,0.004659,0.002216,0.005387,0.001364,0.001536,0.001110,0.000995,0.591525,0.002129
202610080702,2026-10-08,07,02R,daily,0.5419,0.005416,0.004657,0.000581,0.000323,0.000237,0.001105,0.039788,0.033604,0.086682,0.018920,0.015544,0.035736,0.039815,0.046331,0.046651,0.064665,0.010421,0.013528,0.006637,0.006184,0.019171,0.008045,0.009894,0.002122,0.011019,0.003889,0.001843,0.001320,0.002436,0.002876,0.458053,0.002509
202610080702,2026-10-08,07,02R,realtime,0.5120,0.007019,0.004182,0.002016,0.000440,0.000254,0.000250,0.033765,0.046231,0.063787,0.014904,0.008156,0.084840,0.035552,0.030286,0.014671,0.040880,0.023573,0.009468,0.004134,0.001652,0.012951,0.004580,0.023993,0.004774,0.007834,0.001540,0.003574,0.002317,0.003507,0.003582,0.488002,0.017288
202610080703,2026-10-08,07,03R,daily,0.3946,0.001714,0.000964,0.000365,0.000163,0.000140,0.000227,0.022925,0.037794,0.030262,0.013406,0.001039,0.087237,0.020246,0.033325,0.001803,0.052481,0.018133,0.008083,0.002680,0.000416,0.020998,0.006332,0.015674,0.004625,0.003602,0.000381,0.001840,0.001242,0.001392,0.000747,0.605430,0.004332
202610080703,2026-10-08,07,03R,realtime,0.4355,0.002100,0.000576,0.000565,0.000271,0.000139,0.000232,0.023187,0.054544,0.032991,0.015443,0.000651,0.106249,0.021710,0.042188,0.001946,0.045567,0.016348,0.005975,0.003576,0.000288,0.017348,0.005138,0.017005,0.005285,0.004893,0.000577,0.002206,0.001470,0.001421,0.000878,0.564531,0.004705
202610080704,2026-10-08,07,04R,daily,0.4635,0.002746,0.001529,0.000622,0.000345,0.000199,0.000481,0.065549,0.029800,0.031422,0.010343,0.007628,0.043056,0.013872,0.024960,0.011375,0.109313,0.013441,0.006242,0.001826,0.001847,0.019930,0.023098,0.010471,0.002589,0.004776,0.001361,0.002711,0.001948,0.001217,0.002013,0.536483,0.016808
202610080704,2026-10-08,07,04R,realtime,0.4585,0.003380,0.006908,0.001118,0.000508,0.000228,0.000349,0.077067,0.023372,0.025306,0.018643,0.006397,0.039938,0.012417,0.036829,0.010805,0.084787,0.018908,0.003533,0.003507,0.001406,0.017442,0.015515,0.009635,0.002539,0.004994,0.000897,0.002947,0.001731,0.001605,0.003769,0.541533,0.021987
202610080705,2026-10-08,07,05R,daily,0.5315,0.002782,0.001448,0.000695,0.000280,0.000177,0.000555,0.025162,0.062839,0.047693,0.009980,0.004331,0.138457,0.034733,0.036254,0.008431,0.043148,0.029171,0.012845,0.004606,0.002101,0.012832,0.007654,0.020482,0.006365,0.005352,0.001639,0.002564,0.002319,0.001830,0.001097,0.468502,0.003674
202610080705,2026-10-08,07,05R,realtime,0.5225,0.001792,0.000522,0.001177,0.000364,0.000170,0.000476,0.022293,0.059819,0.046943,0.011112,0.003679,0.158424,0.023415,0.037109,0.012084,0.038630,0.032225,0.007710,0.005564,0.001518,0.010647,0.006556,0.017565,0.006063,0.004490,0.002157,0.002533,0.002149,0.001841,0.001251,0.477541,0.002181
202610080706,2026-10-08,07,06R,daily,0.3298,0.002320,0.000776,0.000458,0.000180,0.000112,0.000298,0.007750,0.053180,0.014110,0.009472,0.008918,0.106583,0.007633,0.019273,0.011238,0.020527,0.013349,0.003525,0.002181,0.001252,0.014396,0.004574,0.014650,0.001554,0.002201,0.001521,0.002342,0.001728,0.000745,0.000812,0.670167,0.002175
202610080706,2026-10-08,07,06R,realtime,0.2613,0.002282,0.000239,0.000494,0.000166,0.000096,0.000214,0.004944,0.040005,0.012252,0.010434,0.004018,0.083949,0.004215,0.017430,0.009641,0.015634,0.011994,0.001508,0.002669,0.000981,0.013460,0.004390,0.010938,0.000797,0.001612,0.001340,0.001485,0.001043,0.000653,0.000648,0.738683,0.001786
202610080707,2026-10-08,07,07R,daily,0.2270,0.001136,0.000896,0.000171,0.000111,0.000087,0.000188,0.008476,0.018182,0.041992,0.004328,0.001392,0.032877,0.017355,0.011912,0.001697,0.026249,0.004067,0.009056,0.001380,0.000420,0.018775,0.002349,0.010284,0.006030,0.001679,0.000283,0.001046,0.000629,0.001304,0.000552,0.772998,0.002098
202610080707,2026-10-08,07,07R,realtime,0.1759,0.000958,0.000355,0.000186,0.000118,0.000072,0.000133,0.008137,0.013257,0.024875,0.002228,0.000559,0.030329,0.011564,0.009617,0.001158,0.026322,0.003034,0.007725,0.000992,0.000268,0.016703,0.001366,0.006207,0.004473,0.001483,0.000169,0.000470,0.000340,0.000833,0.000597,0.824080,0.001394
202610080708,2026-10-08,07,08R,daily,0.2356,0.002022,0.000775,0.000185,0.000125,0.000091,0.000573,0.008823,0.012723,0.016306,0.005462,0.022788,0.032326,0.006998,0.017057,0.042714,0.018225,0.004486,0.002196,0.001680,0.001933,0.019384,0.003371,0.005854,0.000820,0.002120,0.001387,0.000733,0.001331,0.000886,0.000763,0.764369,0.001494
202610080708,2026-10-08,07,08R,realtime,0.2275,0.002027,0.000526,0.000223,0.000131,0.000082,0.000560,0.011342,0.009803,0.007037,0.005453,0.019361,0.031745,0.003223,0.014896,0.055400,0.019262,0.005506,0.001124,0.001578,0.002548,0.019039,0.003650,0.005877,0.000516,0.001090,0.001624,0.000646,0.000659,0.000592,0.000372,0.772490,0.001615
202610080709,2026-10-08,07,09R,daily,0.3482,0.002917,0.000932,0.000564,0.000283,0.000167,0.000469,0.029941,0.031664,0.030331,0.009786,0.005614,0.031844,0.011266,0.029487,0.006267,0.072500,0.007606,0.007266,0.003165,0.000749,0.014531,0.015128,0.011430,0.004190,0.004456,0.000877,0.002502,0.001861,0.001100,0.001172,0.651836,0.008101
202610080709,2026-10-08,07,09R,realtime,0.3159,0.001839,0.000554,0.000485,0.000280,0.000149,0.000387,0.021302,0.026255,0.023853,0.011436,0.001734,0.029634,0.007938,0.035704,0.005397,0.076046,0.006259,0.007150,0.002742,0.000604,0.013314,0.012780,0.009404,0.003046,0.005829,0.000658,0.001741,0.001912,0.000856,0.001074,0.684069,0.005569
202610080710,2026-10-08,07,10R,daily,0.2451,0.001339,0.000857,0.000262,0.000186,0.000111,0.000456,0.008761,0.020065,0.029368,0.006520,0.012426,0.027223,0.016995,0.018539,0.015199,0.029443,0.005560,0.003808,0.001441,0.001286,0.016143,0.005564,0.009543,0.002015,0.002899,0.001252,0.001011,0.000723,0.000918,0.000997,0.754924,0.004166
202610080710,2026-10-08,07,10R,realtime,0.1835,0.001047,0.000410,0.000266,0.000164,0.000087,0.000366,0.005464,0.016041,0.017003,0.005025,0.006226,0.020794,0.009586,0.018413,0.010418,0.024783,0.003798,0.003040,0.000878,0.001321,0.015632,0.005302,0.006841,0.001239,0.002300,0.000949,0.000569,0.000369,0.000652,0.000663,0.816463,0.003894
202610080711,2026-10-08,07,11R,daily,0.2623,0.001179,0.001043,0.000185,0.000167,0.000121,0.000391,0.007353,0.015566,0.052701,0.007316,0.004801,0.019080,0.038397,0.024231,0.004624,0.021177,0.004431,0.011732,0.002404,0.000623,0.017503,0.007051,0.005480,0.004230,0.002759,0.000336,0.001504,0.000649,0.001188,0.000913,0.737673,0.003195
202610080711,2026-10-08,07,11R,realtime,0.2520,0.002028,0.000484,0.000164,0.000210,0.000127,0.000404,0.009253,0.015382,0.051292,0.003287,0.002902,0.019397,0.032125,0.027496,0.004411,0.022637,0.004716,0.010677,0.002816,0.000375,0.017660,0.006471,0.003934,0.004028,0.003145,0.000319,0.001147,0.000682,0.001067,0.001109,0.748016,0.002242
202610080712,2026-10-08,07,12R,daily,0.3871,0.001710,0.001301,0.000496,0.000307,0.000153,0.000513,0.038842,0.017556,0.064585,0.005793,0.011495,0.013562,0.035725,0.019455,0.013221,0.077176,0.005547,0.009137,0.002188,0.001095,0.015483,0.018670,0.006091,0.005829,0.003318,0.000921,0.001894,0.001489,0.001312,0.001526,0.612877,0.010732
202610080712,2026-10-08,07,12R,realtime,0.3159,0.001381,0.001034,0.000297,0.000307,0.000144,0.000575,0.036867,0.015004,0.044048,0.002858,0.007709,0.009935,0.024552,0.018231,0.012010,0.071547,0.004046,0.008462,0.002003,0.000983,0.013668,0.016415,0.004516,0.006223,0.002239,0.000855,0.001315,0.001017,0.000988,0.001168,0.684091,0.005509
202610080801,2026-10-08,08,01R,daily,0.2748,0.001982,0.000536,0.000317,0.000145,0.000125,0.000285,0.026734,0.023990,0.019546,0.015818,0.009265,0.024153,0.007631,0.017146,0.010332,0.043804,0.007423,0.004229,0.001932,0.001477,0.030865,0.006244,0.009576,0.001391,0.002826,0.000688,0.000722,0.001183,0.000878,0.001105,0.725176,0.002479
202610080801,2026-10-08,08,01R,realtime,0.2297,0.001631,0.000424,0.000208,0.000145,0.000091,0.000193,0.023379,0.026532,0.014129,0.005568,0.007452,0.026556,0.005122,0.013672,0.007197,0.034276,0.006597,0.003125,0.001475,0.001380,0.028184,0.004168,0.009525,0.001368,0.001846,0.000951,0.000594,0.000690,0.000728,0.000848,0.770348,0.001601
202610080802,2026-10-08,08,02R,daily,0.7225,0.004120,0.001745,0.001023,0.000468,0.000238,0.000828,0.103675,0.066357,0.057396,0.012681,0.053351,0.059888,0.028869,0.030243,0.074374,0.072506,0.029475,0.013619,0.004297,0.014570,0.018061,0.014960,0.023891,0.004681,0.005944,0.008558,0.001355,0.002994,0.001510,0.002672,0.277542,0.008105
202610080802,2026-10-08,08,02R,realtime,0.7948,0.005176,0.001719,0.001247,0.000439,0.000315,0.000383,0.149597,0.048424,0.039257,0.122934,0.004620,0.038163,0.019271,0.152310,0.010741,0.050561,0.022415,0.010381,0.020204,0.002271,0.018149,0.006082,0.018029,0.006637,0.028273,0.000759,0.001427,0.001946,0.001562,0.005077,0.205194,0.006438
202610080803,2026-10-08,08,03R,daily,0.6602,0.002919,0.001277,0.000880,0.000316,0.000246,0.000455,0.031910,0.093708,0.085883,0.014471,0.009023,0.066169,0.066875,0.072223,0.013843,0.041717,0.030442,0.032979,0.006013,0.005195,0.017670,0.006641,0.028110,0.009444,0.010169,0.002745,0.001125,0.001421,0.000974,0.001885,0.339829,0.003447
202610080803,2026-10-08,08,03R,realtime,0.6283,0.001459,0.000317,0.000797,0.000389,0.000237,0.000406,0.021118,0.103101,0.092640,0.011598,0.012603,0.069628,0.056313,0.067127,0.012380,0.031668,0.026518,0.035119,0.007312,0.003532,0.013680,0.004626,0.024531,0.009335,0.009740,0.003263,0.000695,0.001195,0.001127,0.003376,0.371662,0.002507
202610080804,2026-10-08,08,04R,daily,0.5738,0.001202,0.000797,0.000213,0.000223,0.000102,0.000462,0.033159,0.012646,0.238556,0.001719,0.008134,0.008714,0.063709,0.006036,0.014238,0.073726,0.004430,0.048005,0.000733,0.002562,0.017155,0.008303,0.002752,0.017443,0.000738,0.001466,0.000815,0.001607,0.001362,0.000979,0.426197,0.001817
202610080804,2026-10-08,08,04R,realtime,0.5390,0.001249,0.000341,0.000119,0.000280,0.000094,0.000460,0.023222,0.007708,0.252453,0.001153,0.009251,0.007320,0.068035,0.005633,0.020383,0.048405,0.003753,0.036611,0.000688,0.001284,0.013469,0.005719,0.001726,0.020605,0.000351,0.002369,0.001029,0.002154,0.001500,0.000664,0.460991,0.000980
202610080805,2026-10-08,08,05R,daily,0.2529,0.001143,0.000276,0.000214,0.000106,0.000099,0.000216,0.020158,0.011478,0.026744,0.007065,0.001159,0.012321,0.009771,0.019785,0.001821,0.082533,0.002982,0.006418,0.001260,0.000237,0.025462,0.005599,0.004348,0.003431,0.002010,0.000167,0.001025,0.001028,0.000864,0.000670,0.747065,0.002545
202610080805,2026-10-08,08,05R,realtime,0.2118,0.000701,0.000386,0.000249,0.000152,0.000083,0.000152,0.019803,0.009900,0.019689,0.012660,0.000975,0.011068,0.007854,0.021645,0.001725,0.057014,0.002642,0.004243,0.002055,0.000181,0.020398,0.004440,0.002575,0.002889,0.001872,0.000194,0.000734,0.000712,0.000688,0.001005,0.788171,0.003144
202610080806,2026-10-08,08,06R,daily,0.3451,0.001916,0.000432,0.000429,0.000177,0.000101,0.000351,0.057335,0.011412,0.009631,0.005654,0.013978,0.008786,0.003593,0.008698,0.013007,0.140933,0.004170,0.001895,0.000898,0.001749,0.021539,0.017896,0.003181,0.000804,0.001742,0.001374,0.000909,0.001313,0.000685,0.001329,0.654933,0.009151
202610080806,2026-10-08,08,06R,realtime,0.3524,0.002949,0.002678,0.000504,0.000238,0.000109,0.000206,0.066560,0.007708,0.005572,0.035955,0.002095,0.008504,0.002231,0.037606,0.004137,0.099325,0.005025,0.000862,0.003483,0.000382,0.023916,0.010250,0.002915,0.000951,0.005774,0.000382,0.001306,0.001335,0.000971,0.002823,0.647627,0.015621
202610080807,2026-10-08,08,07R,daily,0.6657,0.003338,0.001178,0.000668,0.000340,0.000262,0.000607,0.034887,0.081432,0.109171,0.018375,0.003003,0.049258,0.076209,0.052390,0.006644,0.044859,0.035806,0.050909,0.005567,0.002003,0.023973,0.010701,0.021742,0.010628,0.009784,0.001136,0.001439,0.002121,0.001832,0.002311,0.334305,0.003121
202610080807,2026-10-08,08,07R,realtime,0.6380,0.001856,0.000315,0.000641,0.000467,0.000237,0.000535,0.033261,0.070670,0.137641,0.014551,0.001391,0.048002,0.078366,0.054967,0.006065,0.038975,0.030621,0.038505,0.005832,0.000903,0.018698,0.008047,0.015969,0.009447,0.010591,0.001273,0.001299,0.002141,0.001788,0.003150,0.362004,0.001791
202610080808,2026-10-08,08,08R,daily,0.5608,0.002286,0.000629,0.000355,0.000186,0.000127,0.000363,0.040964,0.036095,0.172078,0.004462,0.001429,0.026967,0.082654,0.019407,0.002331,0.049157,0.011782,0.032846,0.002065,0.000893,0.019263,0.014510,0.012755,0.015278,0.002854,0.000335,0.001674,0.002039,0.001660,0.001121,0.439165,0.002271
202610080808,2026-10-08,08,08R,realtime,0.5518,0.001475,0.000246,0.000316,0.000230,0.000098,0.000204,0.044309,0.014434,0.256476,0.001700,0.000654,0.023150,0.066710,0.012088,0.001851,0.044282,0.009355,0.020175,0.001263,0.000395,0.013945,0.010193,0.006986,0.011633,0.001997,0.000391,0.001403,0.001969,0.001693,0.001054,0.448218,0.001106
202610080809,2026-10-08,08,09R,daily,0.7114,0.004810,0.000936,0.001013,0.000380,0.000286,0.000603,0.098971,0.038572,0.055364,0.050490,0.010309,0.019453,0.026556,0.155576,0.017800,0.088395,0.017864,0.012062,0.017405,0.005010,0.026458,0.016580,0.011412,0.004048,0.014890,0.002299,0.001599,0.001263,0.001019,0.002951,0.288553,0.007070
202610080809,2026-10-08,08,09R,realtime,0.6631,0.001573,0.000697,0.000568,0.000418,0.000218,0.000517,0.087641,0.030608,0.072866,0.054264,0.004236,0.016867,0.017168,0.169210,0.013068,0.070629,0.014193,0.008544,0.021511,0.003049,0.019521,0.016187,0.007579,0.003933,0.013284,0.003347,0.001102,0.000881,0.000745,0.003617,0.336890,0.005068
202610080810,2026-10-08,08,10R,daily,0.4060,0.002133,0.000477,0.000340,0.000107,0.000128,0.000319,0.004410,0.079124,0.010300,0.018123,0.001827,0.129522,0.007946,0.048674,0.004363,0.011931,0.020226,0.006185,0.002628,0.000960,0.027051,0.001187,0.015994,0.001426,0.004367,0.000612,0.001133,0.001824,0.000857,0.000766,0.593973,0.001087
202610080810,2026-10-08,08,10R,realtime,0.3398,0.001561,0.000075,0.000358,0.000128,0.000098,0.000198,0.004870,0.048205,0.006556,0.011858,0.001540,0.122150,0.005234,0.053129,0.004897,0.009371,0.017239,0.002772,0.003264,0.000535,0.023089,0.000593,0.012682,0.000965,0.003253,0.000697,0.000643,0.001701,0.000622,0.000774,0.660173,0.000770
202610080811,2026-10-08,08,11R,daily,0.4464,0.001757,0.000713,0.000867,0.000237,0.000169,0.000480,0.047598,0.061643,0.025523,0.009716,0.010083,0.050747,0.017033,0.017350,0.017917,0.060294,0.031945,0.011073,0.002490,0.004556,0.032037,0.009021,0.011729,0.003169,0.002661,0.002112,0.001421,0.003500,0.000933,0.001672,0.553618,0.005936
202610080811,2026-10-08,08,11R,realtime,0.3880,0.001677,0.000318,0.000762,0.000287,0.000149,0.000447,0.037594,0.054646,0.025359,0.008147,0.014267,0.048237,0.012905,0.014572,0.020872,0.043436,0.032795,0.006340,0.002424,0.002837,0.024768,0.008100,0.009899,0.002705,0.001712,0.002634,0.001449,0.002878,0.000852,0.001499,0.611960,0.003474
202610080812,2026-10-08,08,12R,daily,0.2792,0.001435,0.000489,0.000425,0.000141,0.000112,0.000308,0.018053,0.035503,0.017773,0.004049,0.004068,0.029842,0.009679,0.015450,0.006940,0.066550,0.008304,0.008196,0.001378,0.001546,0.024188,0.004491,0.006823,0.003122,0.001672,0.000984,0.001030,0.001738,0.000772,0.000832,0.720845,0.003263
202610080812,2026-10-08,08,12R,realtime,0.2138,0.001104,0.000221,0.000405,0.000170,0.000095,0.000236,0.011543,0.021574,0.013128,0.004679,0.003152,0.028011,0.005976,0.018149,0.006825,0.045886,0.007962,0.004392,0.001517,0.000837,0.018272,0.002844,0.005155,0.002114,0.001834,0.000983,0.000818,0.001718,0.000764,0.000952,0.786158,0.002526
202610081001,2026-10-08,10,01R,daily,0.3095,0.002696,0.000625,0.000295,0.000204,0.000164,0.000850,0.006183,0.019503,0.028676,0.008228,0.010550,0.029695,0.021545,0.030050,0.011438,0.058048,0.005957,0.012722,0.006092,0.005287,0.023789,0.003759,0.006020,0.002931,0.003713,0.002855,0.001366,0.000880,0.001334,0.001175,0.690528,0.002844
202610081001,2026-10-08,10,01R,realtime,0.2542,0.001603,0.000370,0.000263,0.000198,0.000155,0.000618,0.007676,0.012271,0.019827,0.005288,0.004703,0.019893,0.013160,0.024489,0.007049,0.063896,0.004484,0.011058,0.005237,0.004548,0.025134,0.004386,0.004192,0.001809,0.002930,0.001876,0.000826,0.000359,0.001133,0.001160,0.745766,0.003642
202610081002,2026-10-08,10,02R,daily,0.6218,0.004593,0.001061,0.000877,0.000343,0.000296,0.000783,0.033860,0.071958,0.033004,0.013374,0.006140,0.091925,0.029477,0.044324,0.008892,0.100360,0.032708,0.028966,0.014156,0.007031,0.027379,0.009880,0.022248,0.007440,0.008168,0.003090,0.003065,0.001949,0.001684,0.001950,0.378200,0.010814
202610081002,2026-10-08,10,02R,realtime,0.5688,0.002181,0.000572,0.000564,0.000367,0.000254,0.000577,0.036261,0.069057,0.028120,0.008553,0.003315,0.099757,0.023524,0.033510,0.007146,0.094358,0.033612,0.019037,0.016187,0.003456,0.022034,0.007932,0.023231,0.007022,0.007671,0.003809,0.003722,0.002415,0.001619,0.001800,0.431224,0.007113
202610081003,2026-10-08,10,03R,daily,0.4478,0.003183,0.000807,0.000582,0.000278,0.000190,0.000678,0.021688,0.050733,0.027192,0.005835,0.004240,0.060409,0.022360,0.020212,0.005299,0.090634,0.026304,0.019011,0.005118,0.002976,0.029362,0.010920,0.013104,0.004274,0.003406,0.001480,0.003373,0.002320,0.001545,0.001410,0.552243,0.008837
202610081003,2026-10-08,10,03R,realtime,0.3520,0.001881,0.000460,0.000491,0.000241,0.000143,0.000430,0.011915,0.043139,0.014997,0.004989,0.002709,0.064688,0.016288,0.016960,0.003619,0.064762,0.025149,0.010294,0.005184,0.002050,0.023793,0.008497,0.011228,0.002887,0.002007,0.001375,0.002277,0.002153,0.001094,0.000847,0.648014,0.005440
202610081004,2026-10-08,10,04R,daily,0.4129,0.003036,0.000773,0.000421,0.000227,0.000186,0.000549,0.013532,0.038489,0.023935,0.007000,0.002822,0.047117,0.017626,0.027491,0.005309,0.107131,0.013392,0.019017,0.004345,0.004098,0.032364,0.007537,0.009720,0.004830,0.005110,0.001991,0.002202,0.002012,0.001691,0.001309,0.587050,0.007687
202610081004,2026-10-08,10,04R,realtime,0.4740,0.001732,0.000632,0.000531,0.000259,0.000232,0.000544,0.017254,0.039963,0.038526,0.006917,0.001514,0.046591,0.020502,0.027183,0.003763,0.136493,0.018458,0.022910,0.008868,0.004385,0.029521,0.009195,0.010447,0.005710,0.004187,0.002091,0.002482,0.001965,0.001556,0.001252,0.526045,0.008293
202610081005,2026-10-08,10,05R,daily,0.3691,0.003120,0.000684,0.000401,0.000229,0.000149,0.000604,0.014500,0.029765,0.024713,0.003587,0.003646,0.043493,0.021905,0.015662,0.004072,0.102447,0.013141,0.018558,0.002917,0.002754,0.025416,0.007062,0.007075,0.004388,0.002892,0.001902,0.002642,0.001550,0.001478,0.001058,0.630867,0.007323
202610081005,2026-10-08,10,05R,realtime,0.3156,0.001360,0.000451,0.000362,0.000218,0.000128,0.000520,0.014341,0.016548,0.018106,0.002698,0.001997,0.030052,0.017180,0.016867,0.002689,0.099609,0.010099,0.018979,0.002366,0.002329,0.026354,0.009132,0.004613,0.003395,0.001689,0.001757,0.001312,0.001090,0.001245,0.000730,0.684425,0.007358
202610081006,2026-10-08,10,06R,daily,0.4433,0.003385,0.000904,0.000586,0.000289,0.000200,0.000654,0.019602,0.047880,0.021866,0.006202,0.006192,0.065312,0.023118,0.030523,0.008899,0.083563,0.019871,0.017837,0.004608,0.006682,0.027338,0.006937,0.010010,0.003590,0.005612,0.003139,0.002349,0.002206,0.001185,0.001372,0.556692,0.011396
202610081006,2026-10-08,10,06R,realtime,0.4434,0.002072,0.000553,0.000419,0.000294,0.000215,0.000557,0.015614,0.061519,0.019997,0.008830,0.006221,0.068480,0.022772,0.027712,0.009901,0.073104,0.022865,0.018743,0.006860,0.007803,0.024880,0.007540,0.010165,0.003465,0.003284,0.004670,0.002153,0.002113,0.001214,0.001070,0.556560,0.008353
202610081007,2026-10-08,10,07R,daily,0.3995,0.003274,0.000746,0.000494,0.000198,0.000179,0.000409,0.015931,0.041979,0.011858,0.008729,0.002924,0.043469,0.009234,0.023494,0.003496,0.132330,0.013429,0.008570,0.005984,0.003285,0.025859,0.007209,0.008849,0.003526,0.004169,0.001525,0.002608,0.001139,0.001928,0.001068,0.600534,0.011574
202610081007,2026-10-08,10,07R,realtime,0.3267,0.001252,0.000645,0.000435,0.000169,0.000152,0.000318,0.014165,0.038772,0.011638,0.003739,0.001708,0.038602,0.006245,0.016143,0.002135,0.104993,0.012783,0.004738,0.008911,0.002592,0.019118,0.007835,0.007990,0.002790,0.002536,0.001443,0.002062,0.001047,0.001295,0.000988,0.673324,0.009434
202610081008,2026-10-08,10,08R,daily,0.5011,0.003653,0.000997,0.000697,0.000359,0.000234,0.000921,0.025455,0.042121,0.046603,0.008174,0.007647,0.045261,0.032915,0.030107,0.008431,0.101006,0.018172,0.026300,0.010403,0.007695,0.031452,0.010636,0.009431,0.006899,0.005153,0.003520,0.002740,0.001853,0.001756,0.001721,0.498868,0.008821
202610081008,2026-10-08,10,08R,realtime,0.5119,0.002146,0.000681,0.000698,0.000366,0.000273,0.000858,0.021463,0.037747,0.089351,0.005405,0.005701,0.039046,0.030135,0.029715,0.007055,0.094095,0.019903,0.027344,0.016348,0.007232,0.023562,0.010919,0.010342,0.007925,0.003946,0.003286,0.002584,0.001756,0.001520,0.002013,0.488082,0.008502
202610081009,2026-10-08,10,09R,daily,0.4795,0.004565,0.001036,0.000617,0.000360,0.000239,0.000964,0.014120,0.043495,0.044242,0.009154,0.005537,0.050979,0.034964,0.047789,0.008347,0.080299,0.016675,0.026180,0.008573,0.004920,0.025230,0.007022,0.010296,0.007316,0.007002,0.003276,0.002766,0.001805,0.002674,0.001687,0.520473,0.007397
202610081009,2026-10-08,10,09R,realtime,0.4706,0.002341,0.000506,0.000414,0.000378,0.000254,0.000746,0.012798,0.049194,0.043600,0.008440,0.004664,0.051441,0.045130,0.041589,0.008093,0.071702,0.013627,0.024764,0.012445,0.004459,0.024590,0.005903,0.010541,0.008792,0.005801,0.003949,0.002795,0.002035,0.002798,0.001246,0.529366,0.005596
202610081010,2026-10-08,10,10R,daily,0.3920,0.002766,0.001010,0.000481,0.000275,0.000203,0.000720,0.010894,0.031086,0.017548,0.007532,0.007166,0.041230,0.018130,0.035506,0.012134,0.103032,0.010566,0.011564,0.004700,0.005456,0.024386,0.006766,0.006783,0.004257,0.005290,0.003461,0.002594,0.001712,0.001899,0.001418,0.608026,0.011407
202610081010,2026-10-08,10,10R,realtime,0.3698,0.001320,0.000483,0.000369,0.000306,0.000194,0.000537,0.009181,0.044665,0.014254,0.006424,0.004288,0.053862,0.025079,0.034456,0.009613,0.075831,0.009506,0.009253,0.008333,0.005667,0.018701,0.004804,0.006473,0.004451,0.002888,0.003763,0.001944,0.001639,0.001579,0.001120,0.630227,0.008791
202610081011,2026-10-08,10,11R,daily,0.4408,0.003389,0.000956,0.000581,0.000290,0.000189,0.000690,0.014682,0.045505,0.023296,0.006308,0.004752,0.049855,0.030109,0.032591,0.005543,0.103671,0.018236,0.016665,0.006166,0.004254,0.025081,0.009371,0.008662,0.004183,0.005738,0.002837,0.002814,0.001386,0.001640,0.001289,0.559151,0.010118
202610081011,2026-10-08,10,11R,realtime,0.3480,0.001611,0.000517,0.000417,0.000235,0.000169,0.000503,0.009225,0.051254,0.014177,0.004848,0.002410,0.046866,0.022632,0.018531,0.003286,0.079197,0.013136,0.012725,0.007287,0.003737,0.018198,0.008034,0.006997,0.002717,0.002616,0.002402,0.001696,0.000943,0.001216,0.001093,0.651963,0.009363
202610081012,2026-10-08,10,12R,daily,0.3279,0.003042,0.000648,0.000358,0.000192,0.000147,0.000886,0.008826,0.033169,0.017745,0.005107,0.004888,0.054085,0.019927,0.027189,0.005497,0.062944,0.011776,0.009697,0.004602,0.002056,0.023478,0.004696,0.008997,0.002354,0.002828,0.001813,0.002194,0.001322,0.002201,0.001077,0.672123,0.004138
202610081012,2026-10-08,10,12R,realtime,0.3517,0.002883,0.000251,0.000357,0.000206,0.000147,0.000818,0.006462,0.054021,0.011185,0.006494,0.002281,0.073391,0.018428,0.029519,0.003810,0.063592,0.012095,0.008320,0.005703,0.001500,0.020489,0.003906,0.009289,0.002112,0.001974,0.002064,0.002062,0.001403,0.002093,0.000848,0.648286,0.004012
202610081101,2026-10-08,11,01R,daily,0.3631,0.000899,0.000632,0.000197,0.000159,0.000115,0.000247,0.025855,0.033396,0.033441,0.005275,0.001325,0.031782,0.035858,0.014795,0.003530,0.088552,0.010447,0.016458,0.001780,0.000587,0.023291,0.008291,0.008412,0.006959,0.003115,0.000515,0.002229,0.001228,0.001599,0.000879,0.636942,0.001213
202610081101,2026-10-08,11,01R,realtime,0.3807,0.000957,0.000581,0.000240,0.000200,0.000128,0.000243,0.031621,0.028850,0.053306,0.003187,0.001096,0.027678,0.032658,0.014031,0.003638,0.098644,0.010274,0.016915,0.001831,0.000577,0.019877,0.008668,0.007221,0.008025,0.002350,0.000579,0.002145,0.001230,0.001715,0.001072,0.619330,0.001136
202610081102,2026-10-08,11,02R,daily,0.3428,0.001052,0.000450,0.000207,0.000141,0.000139,0.000280,0.013184,0.030974,0.034245,0.015842,0.001739,0.039058,0.037963,0.034845,0.004263,0.041680,0.009653,0.012582,0.004212,0.000658,0.026645,0.005175,0.009278,0.005278,0.006877,0.000723,0.001538,0.000968,0.001495,0.001058,0.657154,0.000645
202610081102,2026-10-08,11,02R,realtime,0.3173,0.000810,0.000251,0.000256,0.000188,0.000130,0.000245,0.016260,0.020470,0.041508,0.014336,0.001137,0.034354,0.035041,0.033490,0.003899,0.040844,0.008671,0.010388,0.003867,0.000561,0.021691,0.005181,0.005728,0.005185,0.006067,0.001015,0.001213,0.000846,0.001435,0.001120,0.682654,0.001158
202610081103,2026-10-08,11,03R,daily,0.2557,0.000608,0.000336,0.000113,0.000104,0.000087,0.000169,0.018256,0.019063,0.017177,0.006622,0.000743,0.016923,0.015974,0.015931,0.001836,0.077029,0.004325,0.008373,0.001214,0.000291,0.026777,0.008096,0.003811,0.004442,0.002302,0.000329,0.001236,0.000865,0.000846,0.000615,0.744255,0.001251
202610081103,2026-10-08,11,03R,realtime,0.1705,0.000535,0.000215,0.000066,0.000098,0.000059,0.000101,0.014682,0.007963,0.008959,0.004609,0.000553,0.012131,0.007860,0.013179,0.001511,0.056478,0.003113,0.003909,0.000989,0.000153,0.019531,0.004182,0.001755,0.002885,0.001487,0.000269,0.000797,0.000649,0.000542,0.000543,0.829462,0.000738
202610081104,2026-10-08,11,04R,daily,0.3877,0.001892,0.000512,0.000348,0.000174,0.000169,0.000399,0.046239,0.033816,0.015377,0.018082,0.004731,0.031228,0.011352,0.039220,0.010101,0.082995,0.009328,0.008455,0.006028,0.000926,0.024464,0.014254,0.007998,0.002346,0.008223,0.000671,0.001505,0.001007,0.001316,0.001239,0.612263,0.003341
202610081104,2026-10-08,11,04R,realtime,0.4175,0.001314,0.000365,0.000221,0.000189,0.000134,0.000295,0.067291,0.018612,0.011816,0.023960,0.001930,0.027445,0.006646,0.073083,0.007890,0.089018,0.009543,0.005775,0.006711,0.000543,0.024175,0.012163,0.006495,0.001743,0.011645,0.000668,0.001398,0.001123,0.001325,0.001720,0.582483,0.002281
202610081105,2026-10-08,11,05R,daily,0.3477,0.001289,0.000380,0.000207,0.000143,0.000133,0.000305,0.013330,0.020459,0.058746,0.013101,0.002153,0.022052,0.046193,0.043385,0.004808,0.037966,0.004166,0.017281,0.004883,0.000632,0.020938,0.005601,0.006322,0.009202,0.007206,0.000480,0.001415,0.001050,0.002031,0.001194,0.652318,0.000635
202610081105,2026-10-08,11,05R,realtime,0.2884,0.000679,0.000193,0.000163,0.000138,0.000117,0.000190,0.010354,0.018256,0.049146,0.006050,0.001009,0.020911,0.046116,0.036292,0.002982,0.027141,0.002450,0.015393,0.004568,0.000469,0.019196,0.003485,0.004171,0.008725,0.004834,0.000375,0.000833,0.000681,0.001444,0.001535,0.711608,0.000496
202610081106,2026-10-08,11,06R,daily,0.2153,0.000811,0.000253,0.000163,0.000060,0.000070,0.000166,0.006935,0.027020,0.005548,0.007636,0.000813,0.057322,0.005385,0.016848,0.002721,0.027831,0.005010,0.002024,0.002314,0.000471,0.025937,0.002459,0.008960,0.001101,0.002394,0.000449,0.001359,0.001099,0.001088,0.000511,0.784669,0.000572
202610081106,2026-10-08,11,06R,realtime,0.2177,0.001495,0.000177,0.000261,0.000089,0.000068,0.000155,0.007302,0.020478,0.010095,0.006217,0.000654,0.067164,0.004429,0.017942,0.003548,0.028002,0.005263,0.001184,0.001877,0.000354,0.020424,0.002002,0.007996,0.001230,0.003168,0.000663,0.001835,0.001179,0.001212,0.000536,0.782267,0.000734
202610081107,2026-10-08,11,07R,daily,0.3459,0.001321,0.000651,0.000252,0.000147,0.000128,0.000300,0.011859,0.062260,0.019095,0.008307,0.002338,0.053726,0.024186,0.020147,0.007109,0.036898,0.013025,0.012972,0.003162,0.001139,0.032989,0.004635,0.013193,0.003361,0.004952,0.001539,0.001784,0.001464,0.001376,0.001015,0.654121,0.000550
202610081107,2026-10-08,11,07R,realtime,0.2872,0.001839,0.000242,0.000263,0.000150,0.000139,0.000317,0.011928,0.042898,0.018562,0.004038,0.001907,0.044910,0.016716,0.013225,0.006976,0.037863,0.013026,0.010045,0.002632,0.001067,0.030040,0.004478,0.010518,0.002995,0.003135,0.001624,0.001822,0.001007,0.001308,0.000844,0.712781,0.000703
202610081108,2026-10-08,11,08R,daily,0.7119,0.001931,0.001143,0.000584,0.000375,0.000261,0.000374,0.092692,0.053526,0.089802,0.021783,0.004524,0.026047,0.062380,0.066300,0.009163,0.122454,0.013097,0.036083,0.010730,0.004815,0.022683,0.014127,0.010636,0.019262,0.012154,0.004712,0.001651,0.000897,0.001817,0.002288,0.288095,0.003612
202610081108,2026-10-08,11,08R,realtime,0.6621,0.000735,0.000662,0.000408,0.000379,0.000260,0.000346,0.075966,0.036973,0.150111,0.007820,0.004876,0.020111,0.051559,0.059502,0.007345,0.100124,0.008872,0.033519,0.009720,0.003499,0.020373,0.014669,0.008375,0.021742,0.009522,0.004227,0.001248,0.000642,0.001746,0.003836,0.337863,0.002971
202610081109,2026-10-08,11,09R,daily,0.4146,0.001178,0.000746,0.000194,0.000169,0.000148,0.000330,0.017636,0.043876,0.050336,0.010225,0.001575,0.038016,0.065994,0.041447,0.002563,0.038368,0.005990,0.021842,0.004714,0.000868,0.025403,0.007706,0.009732,0.011355,0.007227,0.000635,0.001376,0.000986,0.002052,0.000941,0.585383,0.000990
202610081109,2026-10-08,11,09R,realtime,0.4100,0.001590,0.000292,0.000200,0.000189,0.000171,0.000304,0.013668,0.036012,0.091488,0.004304,0.001455,0.031179,0.067635,0.026151,0.001978,0.037726,0.003910,0.029551,0.003368,0.000736,0.020410,0.005048,0.007950,0.011735,0.006441,0.000486,0.001036,0.000756,0.001991,0.001289,0.589994,0.000956
202610081110,2026-10-08,11,10R,daily,0.4713,0.001827,0.000661,0.000441,0.000251,0.000148,0.000645,0.051672,0.036086,0.048144,0.004757,0.004950,0.033114,0.028872,0.021669,0.012737,0.137623,0.011284,0.010285,0.003817,0.001602,0.017119,0.015427,0.006733,0.004907,0.002632,0.001886,0.002742,0.001878,0.002332,0.001199,0.528740,0.003821
202610081110,2026-10-08,11,10R,realtime,0.4722,0.001159,0.000520,0.000394,0.000261,0.000165,0.000702,0.052034,0.033648,0.033217,0.004383,0.003674,0.031488,0.022544,0.026727,0.011673,0.162831,0.011814,0.010505,0.002936,0.001751,0.018440,0.013838,0.006262,0.004835,0.002692,0.001869,0.003353,0.001699,0.002841,0.001021,0.527848,0.002875
202610081111,2026-10-08,11,11R,daily,0.3779,0.001467,0.000498,0.000413,0.000215,0.000138,0.000406,0.024244,0.048365,0.024544,0.009568,0.005337,0.034040,0.020110,0.031686,0.008852,0.086092,0.011973,0.008345,0.004282,0.001290,0.018573,0.011465,0.007547,0.004161,0.003746,0.001369,0.002567,0.001390,0.001310,0.000814,0.622071,0.003119
202610081111,2026-10-08,11,11R,realtime,0.3147,0.001532,0.000244,0.000243,0.000203,0.000141,0.000408,0.017019,0.038789,0.026181,0.007140,0.003305,0.028735,0.018027,0.027857,0.008690,0.065068,0.008077,0.006131,0.004426,0.000920,0.017120,0.010207,0.006220,0.003709,0.004736,0.001326,0.002460,0.001516,0.001353,0.000821,0.685255,0.002142
202610081112,2026-10-08,11,12R,daily,0.3248,0.001366,0.000269,0.000263,0.000136,0.000120,0.000468,0.027659,0.024756,0.023736,0.006044,0.000552,0.024560,0.018630,0.025698,0.001849,0.095259,0.005415,0.007129,0.004183,0.000308,0.025228,0.009755,0.005405,0.003863,0.004215,0.000298,0.002521,0.001459,0.001421,0.000662,0.675200,0.001575
202610081112,2026-10-08,11,12R,realtime,0.2995,0.001120,0.000231,0.000299,0.000151,0.000120,0.000364,0.016691,0.026074,0.027455,0.004302,0.000457,0.026008,0.018779,0.032024,0.001643,0.076648,0.004532,0.007186,0.003714,0.000278,0.023143,0.006840,0.004596,0.004505,0.004645,0.000303,0.002332,0.001543,0.001453,0.000824,0.700518,0.001224
202610081401,2026-10-08,14,01R,daily,0.4570,0.001991,0.000826,0.000381,0.000175,0.000173,0.000672,0.026703,0.061925,0.052944,0.011770,0.008566,0.063069,0.028036,0.030937,0.008370,0.062825,0.010061,0.012553,0.003653,0.003178,0.019256,0.005098,0.021979,0.008944,0.003969,0.002365,0.001184,0.001164,0.002124,0.000882,0.543010,0.001215
202610081401,2026-10-08,14,01R,realtime,0.3943,0.001748,0.000409,0.000423,0.000177,0.000139,0.000528,0.018846,0.080446,0.029023,0.005851,0.005809,0.075724,0.020459,0.021378,0.005576,0.047042,0.008671,0.008577,0.002208,0.002582,0.015340,0.003945,0.020990,0.006878,0.002651,0.002893,0.001159,0.000965,0.001772,0.000690,0.605658,0.001443
202610081402,2026-10-08,14,02R,daily,0.6333,0.003131,0.000775,0.000678,0.000304,0.000233,0.000755,0.097988,0.052075,0.050608,0.024099,0.009500,0.029365,0.019982,0.064542,0.008342,0.166473,0.010828,0.009059,0.005682,0.003242,0.019880,0.018170,0.012547,0.004945,0.006379,0.002406,0.002056,0.000995,0.001388,0.001676,0.366707,0.005189
202610081402,2026-10-08,14,02R,realtime,0.6563,0.001148,0.000931,0.000497,0.000301,0.000218,0.000662,0.141229,0.033218,0.079606,0.018586,0.004684,0.021182,0.011895,0.073294,0.006246,0.161224,0.012517,0.006124,0.008927,0.002927,0.015628,0.022796,0.008364,0.005502,0.004530,0.003299,0.002016,0.000772,0.001307,0.002221,0.343671,0.004477
202610081403,2026-10-08,14,03R,daily,0.5019,0.002799,0.000660,0.000438,0.000231,0.000199,0.000666,0.033766,0.059192,0.056713,0.027103,0.002402,0.047524,0.029265,0.077150,0.004839,0.055137,0.010730,0.011545,0.005858,0.002062,0.028907,0.006001,0.016338,0.006919,0.006644,0.001692,0.001575,0.001324,0.001751,0.001098,0.498056,0.001415
202610081403,2026-10-08,14,03R,realtime,0.5049,0.002160,0.000312,0.000585,0.000270,0.000201,0.000609,0.026843,0.061024,0.063150,0.022600,0.003027,0.053815,0.024118,0.094477,0.004690,0.050486,0.010369,0.008875,0.003673,0.001834,0.027478,0.005816,0.015099,0.006975,0.007320,0.002073,0.001573,0.001097,0.001686,0.001255,0.495073,0.001437
202610081404,2026-10-08,14,04R,daily,0.5079,0.001698,0.000604,0.000393,0.000147,0.000130,0.000405,0.016676,0.092585,0.061705,0.005314,0.001748,0.125058,0.030715,0.016223,0.001957,0.041248,0.014247,0.022140,0.001210,0.001149,0.016143,0.004577,0.028673,0.010952,0.002760,0.000797,0.001843,0.001849,0.002131,0.000851,0.492135,0.001937
202610081404,2026-10-08,14,04R,realtime,0.4805,0.000988,0.000192,0.000383,0.000140,0.000121,0.000252,0.018675,0.088234,0.028024,0.003016,0.000929,0.150949,0.023880,0.012091,0.001799,0.044295,0.015747,0.022314,0.000697,0.000970,0.019323,0.004561,0.025374,0.007959,0.002218,0.000843,0.001169,0.001673,0.001922,0.000571,0.519498,0.001192
202610081405,2026-10-08,14,05R,daily,0.7392,0.003191,0.001636,0.001132,0.000345,0.000267,0.000913,0.032582,0.143539,0.048828,0.021116,0.009202,0.121565,0.028575,0.069705,0.019290,0.055573,0.030076,0.022428,0.007800,0.016547,0.015667,0.004529,0.040280,0.010878,0.008535,0.013510,0.001904,0.002167,0.001957,0.001873,0.260810,0.003581
202610081405,2026-10-08,14,05R,realtime,0.7055,0.001593,0.000535,0.001290,0.000335,0.000292,0.000876,0.033164,0.119401,0.091774,0.008650,0.007975,0.113094,0.025527,0.048643,0.016584,0.051574,0.033939,0.016842,0.009569,0.014744,0.012238,0.005571,0.046972,0.011167,0.005701,0.015764,0.001955,0.001922,0.001853,0.002005,0.294532,0.003919
202610081406,2026-10-08,14,06R,daily,0.7688,0.001539,0.000987,0.000734,0.000181,0.000206,0.000351,0.055851,0.186485,0.025356,0.011310,0.001897,0.155265,0.022482,0.029603,0.002027,0.095953,0.035099,0.021746,0.002769,0.001348,0.013188,0.012472,0.059224,0.009282,0.006314,0.000946,0.001886,0.001218,0.001749,0.001366,0.231239,0.009928
202610081406,2026-10-08,14,06R,realtime,0.7284,0.000797,0.000394,0.000682,0.000188,0.000185,0.000247,0.065439,0.137218,0.018449,0.011092,0.001025,0.171665,0.019604,0.036738,0.001497,0.098612,0.030757,0.014366,0.003122,0.000938,0.013930,0.008629,0.065604,0.007719,0.006247,0.001057,0.001914,0.002195,0.001838,0.001285,0.271616,0.004952
202610081407,2026-10-08,14,07R,daily,0.6016,0.002672,0.000971,0.000545,0.000254,0.000203,0.000562,0.025275,0.075667,0.101895,0.008651,0.003445,0.077993,0.059151,0.039629,0.006775,0.052300,0.016257,0.044713,0.002795,0.006536,0.021333,0.004721,0.014571,0.016648,0.004242,0.005537,0.001481,0.002106,0.001617,0.001236,0.398378,0.001841
202610081407,2026-10-08,14,07R,realtime,0.5141,0.001058,0.000285,0.000487,0.000219,0.000210,0.000434,0.022002,0.069840,0.079824,0.003252,0.002556,0.079947,0.055086,0.019928,0.003816,0.051545,0.017320,0.036635,0.002899,0.005031,0.016289,0.005069,0.012740,0.013866,0.001203,0.005744,0.001074,0.001781,0.001217,0.000866,0.485887,0.001891
202610081408,2026-10-08,14,08R,daily,0.7527,0.002876,0.001211,0.000952,0.000298,0.000310,0.000479,0.084996,0.086324,0.024251,0.058902,0.004950,0.038348,0.013524,0.153738,0.008224,0.132254,0.018040,0.015919,0.010627,0.005790,0.015910,0.010345,0.019960,0.009882,0.016662,0.005020,0.001040,0.001318,0.001795,0.001784,0.247342,0.006930
202610081408,2026-10-08,14,08R,realtime,0.6931,0.000762,0.000441,0.000620,0.000305,0.000256,0.000368,0.078460,0.069031,0.022280,0.052445,0.001701,0.041354,0.013510,0.179924,0.005689,0.105079,0.012011,0.010631,0.012971,0.003749,0.011837,0.007248,0.021101,0.008994,0.015790,0.004903,0.000819,0.001702,0.001080,0.001826,0.306853,0.006259
202610081409,2026-10-08,14,09R,daily,0.4262,0.001800,0.000531,0.000428,0.000144,0.000159,0.000337,0.019611,0.082425,0.020828,0.017114,0.002103,0.075146,0.015925,0.030582,0.002250,0.054412,0.012442,0.010029,0.002170,0.001148,0.026173,0.007707,0.024285,0.004027,0.004745,0.000871,0.001927,0.001002,0.001857,0.001388,0.573753,0.002682
202610081409,2026-10-08,14,09R,realtime,0.4197,0.000997,0.000229,0.000373,0.000131,0.000128,0.000195,0.011642,0.096981,0.014096,0.013205,0.000723,0.101551,0.013510,0.030886,0.001530,0.040108,0.012127,0.005504,0.002216,0.000759,0.021200,0.005210,0.031179,0.003011,0.003849,0.000939,0.001692,0.001363,0.001344,0.000922,0.580316,0.002085
202610081410,2026-10-08,14,10R,daily,0.6207,0.002978,0.000914,0.000718,0.000246,0.000225,0.000990,0.035287,0.105201,0.027677,0.023438,0.003813,0.100897,0.022346,0.093939,0.008653,0.064676,0.031456,0.009253,0.006568,0.003549,0.019249,0.005761,0.024453,0.003632,0.009717,0.002920,0.002301,0.002013,0.002070,0.001447,0.379301,0.004315
202610081410,2026-10-08,14,10R,realtime,0.6325,0.002034,0.000451,0.000701,0.000244,0.000222,0.000849,0.034634,0.125017,0.026562,0.040179,0.001558,0.111729,0.020150,0.075479,0.007900,0.064200,0.029533,0.006931,0.007233,0.003498,0.016421,0.006481,0.024599,0.002866,0.007056,0.004357,0.002546,0.001733,0.002084,0.001073,0.367533,0.004147
202610081411,2026-10-08,14,11R,daily,0.5943,0.002689,0.000911,0.000695,0.000273,0.000204,0.000648,0.049641,0.101177,0.044472,0.010249,0.003918,0.075181,0.023372,0.030528,0.004460,0.114722,0.026238,0.014193,0.002745,0.002866,0.019774,0.012102,0.026458,0.005878,0.004472,0.002506,0.002437,0.001614,0.002247,0.001541,0.405670,0.006121
202610081411,2026-10-08,14,11R,realtime,0.5297,0.000997,0.000804,0.000739,0.000239,0.000203,0.000532,0.056520,0.068892,0.060683,0.006339,0.002400,0.057512,0.021271,0.020360,0.003752,0.107554,0.024874,0.009371,0.003895,0.002848,0.017426,0.016457,0.023863,0.004889,0.002339,0.002651,0.002175,0.001482,0.001978,0.001212,0.470251,0.005492
202610081412,2026-10-08,14,12R,daily,0.3722,0.001799,0.000588,0.000344,0.000159,0.000131,0.000576,0.030807,0.040406,0.048136,0.005222,0.003376,0.031602,0.022205,0.023178,0.003481,0.080741,0.008259,0.013852,0.001647,0.001210,0.023651,0.008070,0.007677,0.004349,0.001683,0.000847,0.001396,0.001414,0.001543,0.000825,0.627806,0.003019
202610081412,2026-10-08,14,12R,realtime,0.5233,0.021519,0.002612,0.000815,0.000292,0.000263,0.000884,0.008035,0.026570,0.136028,0.044452,0.007842,0.018242,0.065376,0.060393,0.013755,0.018750,0.006401,0.012712,0.003798,0.004967,0.019378,0.002181,0.007970,0.010735,0.005791,0.003606,0.002428,0.003215,0.003980,0.003010,0.476680,0.007320
202610081601,2026-10-08,16,01R,daily,0.4394,0.001433,0.001065,0.000370,0.000197,0.000188,0.000534,0.007908,0.032109,0.035733,0.015942,0.019896,0.077606,0.036545,0.058037,0.026411,0.026484,0.010599,0.019630,0.003111,0.005918,0.028662,0.003081,0.010074,0.004130,0.004071,0.005176,0.000719,0.000814,0.000966,0.001317,0.560555,0.000717
202610081601,2026-10-08,16,01R,realtime,0.3307,0.000957,0.000198,0.000187,0.000133,0.000140,0.000372,0.003113,0.023810,0.026973,0.014724,0.009680,0.070331,0.024846,0.053277,0.017759,0.015712,0.006724,0.008887,0.003302,0.003141,0.020514,0.002118,0.008801,0.003114,0.001775,0.006538,0.000596,0.000994,0.000657,0.000773,0.669300,0.000554
202610081602,2026-10-08,16,02R,daily,0.4642,0.001625,0.001241,0.000652,0.000182,0.000210,0.000261,0.019179,0.060765,0.014790,0.020301,0.005240,0.101716,0.018012,0.037909,0.007106,0.054720,0.023380,0.017137,0.003818,0.003613,0.030692,0.006573,0.015548,0.004671,0.005255,0.003038,0.001369,0.001165,0.001301,0.001209,0.535770,0.001550
202610081602,2026-10-08,16,02R,realtime,0.3979,0.001268,0.000438,0.000365,0.000168,0.000174,0.000186,0.012034,0.036878,0.018698,0.019460,0.001633,0.090970,0.016047,0.044667,0.007035,0.045390,0.014976,0.009409,0.003028,0.002788,0.027968,0.005620,0.016659,0.004083,0.007586,0.004220,0.001459,0.001639,0.001179,0.000560,0.602073,0.001341
202610081603,2026-10-08,16,03R,daily,0.5845,0.001501,0.001492,0.000550,0.000222,0.000179,0.000508,0.016576,0.061915,0.066651,0.004107,0.010912,0.120575,0.074376,0.014405,0.014950,0.047633,0.030349,0.041800,0.001647,0.005438,0.020216,0.006210,0.020795,0.007827,0.002091,0.004879,0.001394,0.001249,0.001418,0.001388,0.415479,0.001269
202610081603,2026-10-08,16,03R,realtime,0.5879,0.000802,0.000551,0.000391,0.000217,0.000207,0.000535,0.020572,0.089348,0.043309,0.005931,0.008791,0.109767,0.087414,0.012958,0.019191,0.035235,0.031853,0.034541,0.002278,0.007716,0.025087,0.013094,0.016070,0.007291,0.001232,0.007937,0.001068,0.000848,0.001677,0.000675,0.412122,0.001292
202610081604,2026-10-08,16,04R,daily,0.6682,0.002688,0.001468,0.000788,0.000342,0.000347,0.000766,0.034126,0.037786,0.093486,0.019783,0.007414,0.058244,0.076198,0.075847,0.014208,0.068281,0.024679,0.060231,0.008521,0.003513,0.018646,0.007321,0.012731,0.021710,0.006459,0.003470,0.001946,0.001358,0.002291,0.001922,0.331791,0.001640
202610081604,2026-10-08,16,04R,realtime,0.6382,0.000893,0.000553,0.000432,0.000303,0.000302,0.000532,0.029181,0.034141,0.095873,0.011981,0.001498,0.048091,0.100536,0.094063,0.006565,0.050705,0.014279,0.060425,0.007170,0.002350,0.022172,0.007570,0.009521,0.022194,0.006273,0.003680,0.001477,0.001008,0.001935,0.001438,0.361754,0.001103
202610081605,2026-10-08,16,05R,daily,0.5524,0.001671,0.001774,0.000652,0.000278,0.000221,0.000973,0.013673,0.060589,0.047809,0.007991,0.020261,0.118217,0.044075,0.028165,0.034129,0.051303,0.023734,0.016679,0.002969,0.007502,0.019443,0.007266,0.017246,0.006613,0.003192,0.006675,0.001867,0.001956,0.002383,0.001427,0.447555,0.001710
202610081605,2026-10-08,16,05R,realtime,0.5752,0.001836,0.000460,0.000551,0.000300,0.000234,0.000877,0.013692,0.071803,0.040218,0.003889,0.022355,0.133560,0.043461,0.026833,0.042862,0.049655,0.023325,0.012805,0.002042,0.007673,0.021311,0.006436,0.021349,0.006903,0.002898,0.008684,0.002210,0.001747,0.003333,0.000843,0.424802,0.001053
202610081606,2026-10-08,16,06R,daily,0.7446,0.003028,0.001678,0.000888,0.000517,0.000306,0.000995,0.097490,0.019228,0.082379,0.020964,0.026487,0.016979,0.049366,0.089143,0.036563,0.169802,0.008974,0.015282,0.010354,0.008104,0.015628,0.022981,0.006119,0.012118,0.007728,0.010543,0.002053,0.000987,0.001913,0.002142,0.255409,0.003852
202610081606,2026-10-08,16,06R,realtime,0.6916,0.000991,0.000929,0.000305,0.000348,0.000233,0.000752,0.055093,0.006169,0.236632,0.007890,0.015954,0.007409,0.039769,0.066355,0.037166,0.120183,0.003217,0.010211,0.006778,0.006669,0.011300,0.019259,0.003343,0.012219,0.005219,0.009895,0.001498,0.000730,0.001594,0.001579,0.308426,0.001885
202610081607,2026-10-08,16,07R,daily,0.6807,0.002086,0.002011,0.000929,0.000289,0.000231,0.000580,0.023632,0.091155,0.061896,0.009426,0.014778,0.138484,0.046205,0.030515,0.026985,0.041702,0.051402,0.034510,0.003699,0.007830,0.026407,0.009103,0.029837,0.006309,0.004096,0.006426,0.001774,0.002437,0.001891,0.001980,0.319335,0.002060
202610081607,2026-10-08,16,07R,realtime,0.6584,0.002003,0.000540,0.000683,0.000284,0.000251,0.000693,0.024752,0.097764,0.041726,0.004682,0.023358,0.135532,0.036449,0.021747,0.040419,0.041217,0.051670,0.025516,0.002942,0.007073,0.028681,0.010510,0.033776,0.006537,0.002657,0.008948,0.001825,0.002044,0.001912,0.001025,0.341555,0.001230
202610081608,2026-10-08,16,08R,daily,0.6273,0.002385,0.001891,0.000871,0.000417,0.000323,0.000893,0.046748,0.017776,0.077813,0.031485,0.028983,0.019621,0.042740,0.088252,0.042773,0.078500,0.009924,0.023969,0.014382,0.011601,0.025234,0.013348,0.006272,0.013214,0.008191,0.010233,0.001623,0.001198,0.001881,0.002142,0.372670,0.002647
202610081608,2026-10-08,16,08R,realtime,0.8511,0.010896,0.002220,0.001896,0.000268,0.000308,0.000566,0.010850,0.160272,0.061159,0.012573,0.008619,0.236147,0.108275,0.039519,0.016824,0.009874,0.055078,0.026216,0.004128,0.004219,0.013062,0.001703,0.038917,0.007960,0.004125,0.002596,0.002273,0.002020,0.003907,0.002645,0.148855,0.002028
202610081609,2026-10-08,16,09R,daily,0.3795,0.001293,0.000864,0.000288,0.000171,0.000183,0.000347,0.009475,0.022532,0.044529,0.020255,0.002008,0.021223,0.033155,0.077955,0.003063,0.041491,0.005484,0.018465,0.005983,0.001077,0.035623,0.006017,0.005820,0.009571,0.006738,0.000693,0.001288,0.000665,0.001708,0.000845,0.620530,0.000661
202610081609,2026-10-08,16,09R,realtime,0.3693,0.001632,0.000433,0.000267,0.000198,0.000180,0.000265,0.006615,0.029478,0.042418,0.010995,0.001953,0.022935,0.033708,0.089860,0.002362,0.030433,0.004063,0.014796,0.006057,0.000754,0.035990,0.004836,0.005489,0.009706,0.008118,0.000746,0.001025,0.000680,0.001482,0.001095,0.630676,0.000751
202610081610,2026-10-08,16,10R,daily,0.5973,0.002194,0.001077,0.000637,0.000257,0.000277,0.000610,0.044346,0.025135,0.053962,0.022590,0.009525,0.027556,0.051009,0.154921,0.008663,0.075326,0.010254,0.018367,0.013215,0.003101,0.022716,0.018101,0.007656,0.007234,0.008752,0.001914,0.001505,0.000612,0.001156,0.001322,0.402662,0.003347
202610081610,2026-10-08,16,10R,realtime,0.5635,0.001673,0.000795,0.000313,0.000245,0.000268,0.000507,0.041132,0.016662,0.060536,0.021917,0.007109,0.022892,0.027246,0.164210,0.006698,0.076331,0.009062,0.016659,0.014061,0.002477,0.020324,0.017139,0.005332,0.006943,0.013233,0.002453,0.001339,0.000493,0.001230,0.001613,0.436472,0.002637
202610081611,2026-10-08,16,11R,daily,0.4292,0.002089,0.000699,0.000646,0.000245,0.000182,0.000632,0.037221,0.025447,0.042987,0.005100,0.004601,0.049799,0.021448,0.019763,0.005125,0.107549,0.015304,0.020734,0.002950,0.001099,0.026102,0.009910,0.008181,0.008474,0.001481,0.001437,0.002712,0.001414,0.001906,0.001191,0.570765,0.002806
202610081611,2026-10-08,16,11R,realtime,0.4404,0.000877,0.000643,0.000535,0.000272,0.000187,0.000524,0.055046,0.018063,0.042823,0.007034,0.002711,0.043770,0.020958,0.025355,0.004641,0.110522,0.016842,0.016421,0.003501,0.000995,0.030045,0.012004,0.005282,0.009301,0.001591,0.001594,0.002484,0.001145,0.002091,0.000983,0.559552,0.002207
202610081612,2026-10-08,16,12R,daily,0.3502,0.001362,0.000646,0.000469,0.000156,0.000145,0.000530,0.009456,0.032017,0.018504,0.005135,0.003959,0.090183,0.016731,0.022292,0.008597,0.054295,0.016186,0.013953,0.001598,0.001515,0.025322,0.003782,0.007836,0.003881,0.001672,0.002123,0.001855,0.001866,0.001540,0.000938,0.649825,0.001630
202610081612,2026-10-08,16,12R,realtime,0.2741,0.000846,0.000238,0.000296,0.000122,0.000126,0.000378,0.005040,0.026693,0.016615,0.002500,0.002419,0.079487,0.013476,0.012426,0.010544,0.035225,0.012633,0.012745,0.001343,0.001390,0.019133,0.002430,0.005796,0.003942,0.000879,0.002535,0.001359,0.001171,0.001011,0.000431,0.725900,0.000870
202610082001,2026-10-08,20,01R,daily,0.7215,0.003299,0.001533,0.001090,0.000563,0.000308,0.000774,0.123352,0.054214,0.050036,0.021377,0.008164,0.023300,0.026551,0.086263,0.009169,0.128997,0.016145,0.037385,0.012799,0.004572,0.018642,0.021145,0.013654,0.019642,0.021829,0.003462,0.001450,0.001314,0.001312,0.001453,0.278516,0.007690
202610082001,2026-10-08,20,01R,realtime,0.7398,0.001243,0.000967,0.000690,0.000511,0.000329,0.000606,0.174650,0.052152,0.041820,0.012079,0.008435,0.018570,0.017421,0.093632,0.007373,0.129055,0.014139,0.036950,0.013877,0.005111,0.018301,0.028747,0.011876,0.014364,0.020937,0.002865,0.000763,0.000806,0.001223,0.002296,0.260193,0.008019
202610082002,2026-10-08,20,02R,daily,0.7843,0.002391,0.001926,0.000653,0.000512,0.000275,0.000890,0.023869,0.029783,0.096558,0.044774,0.041598,0.012327,0.061861,0.192193,0.061316,0.020532,0.005863,0.030372,0.027119,0.033646,0.015257,0.005734,0.006328,0.016512,0.032793,0.013351,0.000687,0.000685,0.001539,0.001261,0.215683,0.001713
202610082002,2026-10-08,20,02R,realtime,0.7817,0.001621,0.000304,0.000303,0.000442,0.000275,0.000817,0.020459,0.028670,0.074272,0.041652,0.027407,0.011618,0.049000,0.272200,0.060620,0.017840,0.003795,0.030534,0.019025,0.030801,0.014379,0.005351,0.005150,0.013085,0.034770,0.012582,0.000416,0.000450,0.001253,0.001365,0.218257,0.001287
202610082003,2026-10-08,20,03R,daily,0.4326,0.002674,0.001181,0.000522,0.000369,0.000224,0.000876,0.017162,0.033700,0.034833,0.016921,0.008988,0.025758,0.024478,0.050344,0.020295,0.069969,0.009658,0.022807,0.006503,0.005009,0.026540,0.008731,0.011044,0.009447,0.010189,0.004317,0.001555,0.001128,0.001797,0.001108,0.567433,0.004440
202610082003,2026-10-08,20,03R,realtime,0.5599,0.010983,0.007514,0.001587,0.000536,0.000374,0.001010,0.059922,0.052361,0.019419,0.016419,0.019266,0.024762,0.024873,0.028727,0.028785,0.099721,0.010486,0.012425,0.004738,0.007459,0.024206,0.015629,0.014102,0.006047,0.006581,0.003167,0.003028,0.002058,0.003160,0.002499,0.440087,0.048067
202610082004,2026-10-08,20,04R,daily,0.4352,0.002549,0.001210,0.000731,0.000291,0.000210,0.000694,0.015330,0.059891,0.024187,0.023774,0.007748,0.053020,0.020261,0.055588,0.015353,0.024298,0.018756,0.022194,0.007468,0.005404,0.030554,0.004263,0.014167,0.004828,0.010900,0.003351,0.001326,0.001489,0.001689,0.001204,0.564770,0.002501
202610082004,2026-10-08,20,04R,realtime,0.4352,0.002576,0.000328,0.000565,0.000297,0.000240,0.000763,0.021284,0.053817,0.032415,0.017435,0.006589,0.052484,0.016427,0.063472,0.016390,0.023935,0.022700,0.017097,0.009192,0.004150,0.026617,0.005413,0.012665,0.005323,0.011562,0.004100,0.001106,0.001040,0.001502,0.001396,0.564792,0.002327
202610082005,2026-10-08,20,05R,daily,0.2809,0.001184,0.000434,0.000277,0.000166,0.000101,0.000334,0.020694,0.012896,0.018500,0.004951,0.003040,0.010275,0.010498,0.019913,0.004011,0.099554,0.002832,0.012588,0.001717,0.001335,0.030131,0.007674,0.002790,0.005711,0.002575,0.001206,0.000775,0.000684,0.000891,0.000550,0.719075,0.002637
202610082005,2026-10-08,20,05R,realtime,0.2281,0.001163,0.000309,0.000161,0.000157,0.000106,0.000340,0.017045,0.009178,0.017336,0.003820,0.002684,0.008181,0.006948,0.014319,0.003644,0.083286,0.002071,0.011593,0.001347,0.000901,0.022068,0.005832,0.001805,0.005125,0.001827,0.001287,0.000774,0.000568,0.000798,0.000615,0.771895,0.002817
202610082006,2026-10-08,20,06R,daily,0.3544,0.001512,0.001127,0.000598,0.000289,0.000190,0.000644,0.006844,0.039683,0.020256,0.017243,0.014878,0.029503,0.017844,0.050139,0.025317,0.026987,0.008397,0.009736,0.005673,0.007667,0.026646,0.003845,0.010399,0.005132,0.010817,0.006148,0.001091,0.001115,0.001532,0.001076,0.645640,0.002033
202610082006,2026-10-08,20,06R,realtime,0.2944,0.002143,0.000223,0.000460,0.000244,0.000171,0.000562,0.003637,0.033178,0.014903,0.009905,0.013146,0.034074,0.011908,0.048760,0.015070,0.022625,0.005919,0.007355,0.002543,0.005210,0.024500,0.002376,0.009729,0.004855,0.007948,0.007083,0.001261,0.000815,0.001407,0.000977,0.705561,0.001453
202610082007,2026-10-08,20,07R,daily,0.6134,0.003282,0.001214,0.000880,0.000368,0.000252,0.000317,0.052141,0.080089,0.012919,0.057374,0.007677,0.030711,0.007337,0.100087,0.009079,0.099237,0.024186,0.009422,0.012919,0.002731,0.024577,0.016309,0.020450,0.004549,0.018449,0.002701,0.001986,0.000688,0.002200,0.001646,0.386602,0.007620
202610082007,2026-10-08,20,07R,realtime,0.5843,0.001549,0.000949,0.000774,0.000332,0.000222,0.000290,0.059098,0.072712,0.010646,0.062980,0.005701,0.028604,0.004045,0.103216,0.007110,0.090876,0.019058,0.006182,0.012117,0.003193,0.021888,0.016239,0.019225,0.004321,0.018601,0.003304,0.001527,0.000420,0.001420,0.001548,0.415684,0.006169
202610082008,2026-10-08,20,08R,daily,0.4507,0.001659,0.000490,0.000508,0.000283,0.000141,0.000572,0.056714,0.033637,0.026255,0.006206,0.007116,0.017315,0.014539,0.018342,0.006768,0.169105,0.006595,0.008006,0.002748,0.001124,0.020197,0.020844,0.009922,0.005665,0.003316,0.001580,0.001817,0.000932,0.001247,0.000778,0.549286,0.006290
202610082008,2026-10-08,20,08R,realtime,0.3706,0.000840,0.000625,0.000514,0.000252,0.000132,0.000514,0.044793,0.026498,0.027178,0.003308,0.007334,0.013555,0.010456,0.015552,0.006180,0.136987,0.004096,0.005626,0.002073,0.001276,0.016698,0.018441,0.009017,0.004964,0.002506,0.001415,0.001815,0.000656,0.001094,0.000775,0.629409,0.005417
202610082009,2026-10-08,20,09R,daily,0.6002,0.002618,0.001000,0.000644,0.000363,0.000198,0.000872,0.050208,0.075097,0.057546,0.006865,0.002016,0.051903,0.045839,0.030396,0.003620,0.108666,0.022095,0.041232,0.005304,0.001565,0.017548,0.016733,0.017342,0.020654,0.004915,0.001360,0.002907,0.001839,0.002618,0.000994,0.399834,0.005212
202610082009,2026-10-08,20,09R,realtime,0.4612,0.000928,0.000572,0.000870,0.000325,0.000183,0.000662,0.049049,0.059315,0.035560,0.003783,0.001845,0.047333,0.028847,0.023624,0.003324,0.093165,0.015529,0.022123,0.004184,0.001432,0.015201,0.015940,0.012108,0.013572,0.002584,0.001035,0.001626,0.001169,0.001621,0.000857,0.538756,0.002877
202610082010,2026-10-08,20,10R,daily,0.2496,0.001329,0.000315,0.000386,0.000154,0.000096,0.000355,0.009048,0.038729,0.009455,0.004160,0.002408,0.038019,0.006501,0.017740,0.002416,0.050575,0.008637,0.006459,0.001450,0.000738,0.022155,0.006100,0.008559,0.002348,0.002363,0.000702,0.001457,0.000788,0.000642,0.000387,0.750384,0.005148
202610082010,2026-10-08,20,10R,realtime,0.1988,0.000954,0.000187,0.000376,0.000130,0.000083,0.000260,0.008534,0.021637,0.008432,0.002908,0.001595,0.029177,0.003508,0.018488,0.001615,0.046399,0.007478,0.004112,0.001456,0.000398,0.016596,0.006072,0.007049,0.001477,0.002792,0.000446,0.000790,0.000644,0.000532,0.000516,0.801244,0.004116
202610082011,2026-10-08,20,11R,daily,0.2939,0.001666,0.000585,0.000519,0.000218,0.000146,0.000672,0.016201,0.027212,0.018021,0.004737,0.003230,0.027411,0.013752,0.015501,0.006283,0.071019,0.008262,0.014687,0.002413,0.001423,0.025508,0.006773,0.006943,0.005521,0.003480,0.001409,0.001728,0.001358,0.001650,0.000831,0.706133,0.004707
202610082011,2026-10-08,20,11R,realtime,0.3298,0.001642,0.000425,0.000549,0.000241,0.000185,0.000785,0.020175,0.028555,0.023187,0.003208,0.002486,0.032989,0.014728,0.018203,0.005901,0.082705,0.009612,0.016286,0.002378,0.001447,0.023708,0.007450,0.008144,0.008041,0.003649,0.002106,0.002523,0.001666,0.001701,0.000729,0.670218,0.004376
202610082012,2026-10-08,20,12R,daily,0.2797,0.001425,0.000475,0.000377,0.000165,0.000130,0.000364,0.010516,0.041351,0.010921,0.009207,0.002794,0.035123,0.010787,0.023725,0.005568,0.045866,0.009757,0.009558,0.002510,0.001173,0.028571,0.005304,0.009438,0.003304,0.003799,0.001409,0.001301,0.000929,0.001096,0.000677,0.720339,0.002039
202610082012,2026-10-08,20,12R,realtime,0.2302,0.000721,0.000226,0.000360,0.000131,0.000117,0.000281,0.009965,0.029985,0.006227,0.009898,0.001567,0.029942,0.005070,0.022492,0.003741,0.042967,0.009428,0.006375,0.002273,0.001160,0.026722,0.004477,0.006210,0.002236,0.002243,0.001304,0.000871,0.000433,0.000723,0.000534,0.769752,0.001568
202610082301,2026-10-08,23,01R,daily,0.4071,0.001807,0.000652,0.000355,0.000297,0.000137,0.000432,0.049472,0.012098,0.031983,0.005278,0.041330,0.010721,0.019913,0.008834,0.036647,0.097506,0.005851,0.010422,0.001331,0.003234,0.035749,0.010940,0.004491,0.004857,0.001479,0.004582,0.000695,0.000637,0.000746,0.001062,0.592875,0.003587
202610082301,2026-10-08,23,01R,realtime,0.3986,0.003008,0.001890,0.000412,0.000354,0.000196,0.000186,0.055654,0.005898,0.024475,0.067735,0.002496,0.007050,0.015014,0.056387,0.005633,0.061633,0.004445,0.007101,0.007361,0.000525,0.039403,0.004391,0.003147,0.006323,0.005884,0.000792,0.001189,0.000490,0.000973,0.002687,0.601441,0.005827
202610082302,2026-10-08,23,02R,daily,0.2174,0.000898,0.000779,0.000192,0.000149,0.000106,0.000299,0.007118,0.017921,0.012620,0.007754,0.005409,0.028939,0.011086,0.019207,0.007590,0.027429,0.005151,0.005210,0.001529,0.001195,0.031486,0.004583,0.008531,0.002132,0.002006,0.000725,0.000791,0.000997,0.001008,0.000636,0.782648,0.003878
202610082302,2026-10-08,23,02R,realtime,0.1922,0.002270,0.000317,0.000140,0.000172,0.000100,0.000285,0.008693,0.012867,0.018211,0.007096,0.005184,0.022309,0.007080,0.015193,0.013618,0.024748,0.005341,0.003542,0.002103,0.001057,0.023513,0.003563,0.005379,0.001922,0.001533,0.000863,0.000655,0.000797,0.000893,0.000526,0.807845,0.002187
202610082303,2026-10-08,23,03R,daily,0.3836,0.002193,0.001084,0.000367,0.000216,0.000202,0.000442,0.016683,0.025597,0.023711,0.018750,0.014343,0.022165,0.017488,0.084302,0.017921,0.052220,0.008313,0.007589,0.009415,0.002398,0.024884,0.006004,0.008788,0.004403,0.006433,0.002184,0.000819,0.000495,0.001087,0.000684,0.616383,0.002442
202610082303,2026-10-08,23,03R,realtime,0.5918,0.005316,0.001128,0.000275,0.000237,0.000140,0.000363,0.007510,0.012715,0.028724,0.005410,0.363764,0.011821,0.029728,0.009781,0.050296,0.015316,0.002619,0.004275,0.002662,0.001335,0.011018,0.001555,0.004200,0.009666,0.000795,0.003623,0.001448,0.001125,0.001740,0.001160,0.408206,0.002050
202610082304,2026-10-08,23,04R,daily,0.5453,0.003642,0.000804,0.000692,0.000250,0.000252,0.000236,0.043949,0.041367,0.016320,0.030362,0.002487,0.032468,0.011948,0.084325,0.003200,0.129567,0.022678,0.008809,0.007353,0.000893,0.022827,0.024146,0.016319,0.003258,0.012718,0.000551,0.002386,0.000758,0.001985,0.001218,0.454722,0.017509
202610082304,2026-10-08,23,04R,realtime,0.5431,0.001419,0.000817,0.000556,0.000316,0.000196,0.000184,0.085552,0.031846,0.013995,0.019979,0.001213,0.032273,0.009246,0.071856,0.002571,0.143670,0.015861,0.006302,0.005802,0.000631,0.021711,0.024406,0.015473,0.002881,0.016900,0.000770,0.002613,0.000905,0.001820,0.001538,0.456869,0.009829
202610082305,2026-10-08,23,05R,daily,0.4069,0.003126,0.000848,0.000726,0.000242,0.000194,0.000381,0.037546,0.043541,0.014803,0.015119,0.009059,0.043114,0.011479,0.019146,0.008677,0.080689,0.024868,0.017062,0.004593,0.001211,0.032130,0.011848,0.009221,0.003557,0.003576,0.001573,0.001379,0.001445,0.001618,0.000980,0.593061,0.003187
202610082305,2026-10-08,23,05R,realtime,0.3629,0.002561,0.000479,0.000728,0.000304,0.000174,0.000383,0.041535,0.036134,0.009002,0.014144,0.005099,0.045145,0.011830,0.026785,0.006022,0.068185,0.016173,0.012003,0.003972,0.000758,0.027815,0.008380,0.008591,0.003291,0.002632,0.001857,0.001330,0.001381,0.001501,0.001071,0.637128,0.003608
202610082306,2026-10-08,23,06R,daily,0.5869,0.003669,0.000642,0.000663,0.000253,0.000225,0.000328,0.050042,0.074005,0.036026,0.009909,0.001555,0.070003,0.021239,0.022596,0.002113,0.128262,0.031631,0.021478,0.004238,0.000883,0.025605,0.019230,0.035222,0.004867,0.004092,0.000700,0.002461,0.001293,0.001521,0.001491,0.413135,0.010625
202610082306,2026-10-08,23,06R,realtime,0.5828,0.001203,0.000551,0.000820,0.000297,0.000207,0.000281,0.052133,0.068423,0.038848,0.008583,0.000992,0.071286,0.016975,0.021487,0.001859,0.140038,0.034829,0.020522,0.003158,0.000850,0.022707,0.022127,0.031470,0.004793,0.004475,0.000946,0.001862,0.001128,0.001641,0.001227,0.417204,0.007073
202610082307,2026-10-08,23,07R,daily,0.6973,0.004332,0.000993,0.001416,0.000379,0.000252,0.000387,0.069200,0.114029,0.013623,0.031418,0.015216,0.089102,0.012720,0.053293,0.013636,0.096643,0.051948,0.008315,0.009236,0.003875,0.020354,0.018315,0.035222,0.002095,0.006264,0.004286,0.001836,0.001615,0.001099,0.002108,0.302725,0.014069
202610082307,2026-10-08,23,07R,realtime,0.7031,0.002374,0.000603,0.001059,0.000407,0.000286,0.000513,0.071049,0.135772,0.021293,0.026629,0.022570,0.079754,0.011318,0.046673,0.016469,0.095755,0.036412,0.009863,0.008520,0.007518,0.019157,0.017863,0.042837,0.003217,0.003976,0.007980,0.001668,0.000992,0.001204,0.001591,0.296927,0.007750
202610082308,2026-10-08,23,08R,daily,0.6866,0.003289,0.001503,0.001016,0.000434,0.000355,0.000640,0.081421,0.075461,0.024887,0.034332,0.004718,0.042188,0.023043,0.048333,0.005388,0.136598,0.031614,0.028644,0.011241,0.001217,0.026838,0.031766,0.028329,0.010403,0.008783,0.001659,0.002491,0.001062,0.001539,0.002432,0.313425,0.014950
202610082308,2026-10-08,23,08R,realtime,0.7238,0.004082,0.006951,0.002259,0.000462,0.000398,0.000341,0.065915,0.068872,0.071470,0.007196,0.006145,0.027137,0.034034,0.011233,0.007329,0.172017,0.029311,0.025796,0.005924,0.002973,0.022016,0.041713,0.027697,0.010157,0.003512,0.001509,0.005428,0.001814,0.002978,0.003446,0.276203,0.053683
202610082309,2026-10-08,23,09R,daily,0.6534,0.002679,0.001873,0.000619,0.000478,0.000278,0.000784,0.103678,0.023645,0.072470,0.012152,0.007697,0.014042,0.042548,0.046199,0.007365,0.186155,0.010581,0.020107,0.009749,0.001937,0.018018,0.022913,0.008296,0.014448,0.005443,0.002111,0.002329,0.000804,0.003081,0.001684,0.346637,0.009199
202610082309,2026-10-08,23,09R,realtime,0.6707,0.001581,0.001283,0.000421,0.000514,0.000286,0.000646,0.068265,0.015147,0.121583,0.017010,0.004586,0.011141,0.044395,0.074625,0.008457,0.178819,0.005216,0.019924,0.005753,0.001996,0.019036,0.020467,0.006530,0.015351,0.007279,0.002600,0.003066,0.001124,0.003804,0.001660,0.329273,0.008161
202610082310,2026-10-08,23,10R,daily,0.6832,0.004297,0.000970,0.001268,0.000667,0.000320,0.000545,0.088763,0.031378,0.075613,0.018802,0.010718,0.016721,0.036100,0.041238,0.013296,0.163224,0.016376,0.027374,0.013803,0.003592,0.022146,0.027397,0.010740,0.026276,0.006746,0.007222,0.003058,0.001402,0.001860,0.001870,0.316759,0.009460
202610082310,2026-10-08,23,10R,realtime,0.7038,0.005802,0.003100,0.001640,0.000726,0.000502,0.000510,0.078877,0.031380,0.101266,0.015478,0.028116,0.014423,0.049304,0.045284,0.016795,0.118162,0.018686,0.036092,0.012866,0.004867,0.018223,0.022663,0.008947,0.020511,0.009110,0.006307,0.003429,0.001957,0.003099,0.004015,0.296221,0.021642
202610082311,2026-10-08,23,11R,daily,0.3455,0.001864,0.000640,0.000430,0.000225,0.000167,0.000752,0.016161,0.034928,0.016141,0.009506,0.009068,0.030599,0.017748,0.032662,0.007452,0.077556,0.010993,0.005571,0.004683,0.001220,0.027663,0.013669,0.010592,0.001464,0.003019,0.001356,0.001210,0.000566,0.000891,0.001155,0.654506,0.005541
202610082311,2026-10-08,23,11R,realtime,0.3431,0.001793,0.000343,0.000323,0.000215,0.000174,0.000664,0.012447,0.039930,0.020747,0.005946,0.006610,0.030548,0.012706,0.032463,0.006738,0.083252,0.011352,0.006613,0.005862,0.001066,0.024182,0.011839,0.012229,0.001396,0.003390,0.001498,0.001056,0.000562,0.001115,0.001295,0.656851,0.004795
202610082312,2026-10-08,23,12R,daily,0.4712,0.003089,0.000949,0.000812,0.000259,0.000249,0.000707,0.018570,0.050787,0.017052,0.023047,0.009009,0.057615,0.018768,0.073745,0.011739,0.063155,0.018013,0.014076,0.009947,0.002559,0.027249,0.009582,0.013394,0.003930,0.006037,0.003222,0.001666,0.001590,0.001384,0.001728,0.528753,0.007317
202610082312,2026-10-08,23,12R,realtime,0.4606,0.002383,0.000365,0.000589,0.000292,0.000298,0.000882,0.019150,0.046326,0.022659,0.018376,0.015134,0.054283,0.016361,0.067628,0.017058,0.056059,0.016820,0.014981,0.014383,0.002900,0.023213,0.008791,0.012430,0.005789,0.005483,0.005222,0.001406,0.001370,0.001235,0.001595,0.539390,0.007150
202610082401,2026-10-08,24,01R,daily,0.5566,0.003300,0.001119,0.000481,0.000295,0.000206,0.000526,0.047714,0.059509,0.046946,0.009578,0.006632,0.054863,0.025369,0.028402,0.011951,0.128213,0.020820,0.022682,0.003792,0.002026,0.022409,0.012421,0.019687,0.008077,0.006409,0.002275,0.002549,0.001088,0.001619,0.001789,0.443358,0.003897
202610082401,2026-10-08,24,01R,realtime,0.5356,0.001419,0.000676,0.000398,0.000234,0.000239,0.000454,0.054799,0.052163,0.057244,0.004500,0.007715,0.046345,0.024093,0.018463,0.010886,0.132356,0.017624,0.016916,0.004768,0.002461,0.023016,0.012539,0.022936,0.007950,0.003882,0.001962,0.002644,0.001061,0.001521,0.001519,0.464366,0.002852
202610082402,2026-10-08,24,02R,daily,0.5360,0.002492,0.001119,0.000443,0.000242,0.000184,0.000744,0.028216,0.065099,0.051401,0.009498,0.015677,0.081701,0.041162,0.039022,0.023103,0.059556,0.017438,0.017253,0.005013,0.002700,0.021187,0.006928,0.021954,0.008150,0.005047,0.003274,0.001390,0.000965,0.001754,0.001564,0.464036,0.001690
202610082402,2026-10-08,24,02R,realtime,0.5023,0.001469,0.000314,0.000368,0.000195,0.000211,0.000739,0.025504,0.075400,0.055227,0.006802,0.011082,0.082029,0.038457,0.026986,0.023957,0.046906,0.014371,0.012596,0.006612,0.003608,0.020133,0.006836,0.021902,0.007097,0.003520,0.003398,0.001368,0.000852,0.001647,0.001165,0.497734,0.001515
202610082403,2026-10-08,24,03R,daily,0.6357,0.003683,0.002205,0.000566,0.000367,0.000271,0.000766,0.045919,0.046146,0.035407,0.017136,0.018646,0.044531,0.029819,0.075753,0.053636,0.125853,0.016405,0.018893,0.005348,0.007558,0.022934,0.011669,0.011028,0.005054,0.013329,0.007274,0.001701,0.001013,0.001485,0.002886,0.364313,0.008406
202610082403,2026-10-08,24,03R,realtime,0.5909,0.002137,0.000903,0.000270,0.000294,0.000312,0.000940,0.031516,0.046010,0.030334,0.020701,0.017226,0.038935,0.024000,0.075110,0.059184,0.119840,0.013106,0.016900,0.006326,0.009179,0.020983,0.010100,0.012161,0.004435,0.010287,0.007971,0.001535,0.000974,0.001247,0.002143,0.409091,0.005850
202610082404,2026-10-08,24,04R,daily,0.4490,0.002941,0.000794,0.000353,0.000134,0.000158,0.000437,0.007064,0.062111,0.020846,0.012841,0.002166,0.117386,0.017855,0.075433,0.005065,0.024331,0.016087,0.014612,0.005829,0.001411,0.025015,0.003108,0.013337,0.002886,0.010304,0.000719,0.001285,0.000843,0.001149,0.000926,0.550979,0.001596
202610082404,2026-10-08,24,04R,realtime,0.4467,0.002503,0.000180,0.000271,0.000108,0.000169,0.000340,0.005637,0.069585,0.015669,0.010466,0.001885,0.129434,0.011237,0.084048,0.005108,0.018448,0.014949,0.009091,0.007490,0.001276,0.023644,0.002923,0.012328,0.002110,0.012259,0.000720,0.000750,0.000779,0.000990,0.001136,0.553305,0.001160
202610082405,2026-10-08,24,05R,daily,0.3386,0.001657,0.000384,0.000175,0.000126,0.000126,0.000314,0.027140,0.015267,0.028040,0.014829,0.001146,0.012893,0.013096,0.049512,0.001451,0.087197,0.004577,0.009438,0.003890,0.000254,0.036883,0.009964,0.003623,0.004015,0.006397,0.000145,0.001400,0.000435,0.000939,0.000821,0.661445,0.002422
202610082405,2026-10-08,24,05R,realtime,0.3262,0.001671,0.000439,0.000114,0.000111,0.000125,0.000232,0.024990,0.014732,0.023695,0.015203,0.001037,0.012039,0.009174,0.069683,0.000953,0.068909,0.003643,0.006374,0.005466,0.000242,0.037759,0.009299,0.003427,0.004003,0.006913,0.000166,0.001257,0.000477,0.000656,0.000975,0.673773,0.002464
202610082406,2026-10-08,24,06R,daily,0.2676,0.001195,0.000302,0.000156,0.000088,0.000102,0.000302,0.003650,0.021653,0.009556,0.020699,0.002256,0.043430,0.008522,0.071404,0.003782,0.016176,0.006887,0.003347,0.004347,0.000607,0.028247,0.001571,0.007394,0.001399,0.006417,0.000390,0.000935,0.000513,0.000820,0.000585,0.732447,0.000822
202610082406,2026-10-08,24,06R,realtime,0.3069,0.002049,0.000080,0.000140,0.000082,0.000110,0.000239,0.004264,0.026583,0.006718,0.030612,0.001048,0.050870,0.007440,0.091583,0.003269,0.014936,0.005554,0.002320,0.005510,0.000620,0.029406,0.001302,0.007478,0.001084,0.009906,0.000355,0.000696,0.000448,0.000638,0.000525,0.693147,0.000989
202610082407,2026-10-08,24,07R,daily,0.2841,0.001159,0.000487,0.000178,0.000106,0.000093,0.000315,0.005156,0.028513,0.037011,0.004304,0.001233,0.046645,0.029654,0.020719,0.002525,0.032059,0.006957,0.012082,0.001306,0.000375,0.024403,0.004211,0.009145,0.006326,0.003222,0.000301,0.001404,0.000637,0.001562,0.000809,0.715900,0.001203
202610082407,2026-10-08,24,07R,realtime,0.2381,0.001075,0.000128,0.000136,0.000078,0.000088,0.000178,0.003336,0.019999,0.043492,0.002324,0.000396,0.040948,0.025578,0.017525,0.001801,0.021923,0.004893,0.009435,0.001302,0.000295,0.021442,0.002900,0.006823,0.004526,0.003347,0.000209,0.000761,0.000530,0.001215,0.000745,0.761851,0.000720
202610082408,2026-10-08,24,08R,daily,0.7237,0.004395,0.001518,0.000585,0.000403,0.000221,0.000857,0.123751,0.050040,0.079892,0.014316,0.007362,0.046159,0.050283,0.043136,0.012052,0.120385,0.021094,0.042913,0.004970,0.002007,0.024875,0.021834,0.014052,0.007662,0.008678,0.003231,0.002196,0.001771,0.002643,0.004499,0.276277,0.005944
202610082408,2026-10-08,24,08R,realtime,0.7188,0.005291,0.001700,0.000560,0.000298,0.000340,0.000604,0.120493,0.081919,0.044094,0.016867,0.055116,0.045328,0.045113,0.024976,0.014311,0.107344,0.018307,0.023412,0.007191,0.000693,0.026475,0.013596,0.019051,0.014407,0.008806,0.000791,0.003843,0.003317,0.003520,0.006621,0.281216,0.004400
202610082409,2026-10-08,24,09R,daily,0.2261,0.001618,0.000408,0.000158,0.000118,0.000082,0.000420,0.010643,0.010201,0.024492,0.003228,0.004906,0.011760,0.009634,0.013552,0.008484,0.071052,0.002845,0.005460,0.001209,0.000709,0.027599,0.005518,0.002172,0.002158,0.001926,0.000689,0.001048,0.000574,0.001231,0.000763,0.773932,0.001409
202610082409,2026-10-08,24,09R,realtime,0.1793,0.001312,0.000366,0.000103,0.000096,0.000082,0.000431,0.007974,0.007220,0.019252,0.003081,0.002241,0.008054,0.006902,0.016062,0.007819,0.051198,0.002108,0.004509,0.001334,0.000802,0.024334,0.004610,0.001418,0.001700,0.001864,0.000534,0.000728,0.000344,0.000938,0.000604,0.820699,0.001281
202610082410,2026-10-08,24,10R,daily,0.4940,0.001849,0.000508,0.000453,0.000170,0.000140,0.000629,0.050738,0.055597,0.034864,0.003399,0.002794,0.060851,0.027175,0.016478,0.006236,0.125876,0.017989,0.013204,0.002530,0.000738,0.024094,0.014936,0.014145,0.005419,0.001828,0.000756,0.002649,0.001471,0.000999,0.001200,0.505977,0.004307
202610082410,2026-10-08,24,10R,realtime,0.4327,0.000634,0.000264,0.000375,0.000131,0.000133,0.000471,0.062849,0.047625,0.021394,0.001672,0.001694,0.055756,0.018475,0.014763,0.005536,0.107328,0.019527,0.009496,0.002556,0.000756,0.024015,0.014467,0.010473,0.004356,0.001176,0.000604,0.001725,0.001063,0.000689,0.000793,0.567252,0.001954
202610082411,2026-10-08,24,11R,daily,0.2819,0.001553,0.000409,0.000263,0.000111,0.000119,0.000516,0.008889,0.027481,0.011651,0.004408,0.002759,0.049428,0.009579,0.023778,0.006000,0.065705,0.011980,0.006352,0.001766,0.000578,0.025790,0.004359,0.005921,0.001620,0.003070,0.000600,0.002152,0.000935,0.000923,0.000819,0.718150,0.002335
202610082411,2026-10-08,24,11R,realtime,0.2165,0.001247,0.000202,0.000215,0.000082,0.000111,0.000409,0.005587,0.018023,0.009590,0.002827,0.000930,0.038440,0.006924,0.021773,0.003645,0.051408,0.008927,0.005604,0.001749,0.000444,0.022851,0.002734,0.003968,0.001242,0.002574,0.000420,0.001387,0.000620,0.000608,0.000696,0.783455,0.001310
202610082412,2026-10-08,24,12R,daily,0.3637,0.002378,0.000754,0.000309,0.000188,0.000156,0.000515,0.018415,0.034329,0.023797,0.013304,0.003844,0.036635,0.019883,0.054399,0.007077,0.065700,0.008342,0.007303,0.005277,0.000786,0.028039,0.006593,0.007638,0.003851,0.005844,0.000937,0.001826,0.000741,0.001998,0.001127,0.636321,0.001696
202610082412,2026-10-08,24,12R,realtime,0.3653,0.002562,0.000327,0.000258,0.000175,0.000174,0.000493,0.018754,0.031853,0.023036,0.012395,0.002503,0.032237,0.011587,0.076198,0.006381,0.070328,0.007374,0.006276,0.004592,0.000824,0.026372,0.004675,0.006558,0.004012,0.007796,0.000830,0.001729,0.000550,0.001886,0.001312,0.634655,0.001297
