レースコード,タイトル,日次,レース日,レース場,レース回,レース名,距離(m),天候,風向,風速(m),波の高さ(cm),決まり手,単勝_艇番,単勝_払戻金,複勝_1着_艇番,複勝_1着_払戻金,複勝_2着_艇番,複勝_2着_払戻金,2連単_組番,2連単_払戻金,2連単_人気,2連複_組番,2連複_払戻金,2連複_人気,拡連複_1-2着_組番,拡連複_1-2着_払戻金,拡連複_1-2着_人気,拡連複_1-3着_組番,拡連複_1-3着_払戻金,拡連複_1-3着_人気,拡連複_2-3着_組番,拡連複_2-3着_払戻金,拡連複_2-3着_人気,3連単_組番,3連単_払戻金,3連単_人気,3連複_組番,3連複_払戻金,3連複_人気,1着_着順,1着_艇番,1着_登録番号,1着_選手名,1着_モーター番号,1着_ボート番号,1着_展示タイム,1着_進入コース,1着_スタートタイミング,1着_レースタイム,2着_着順,2着_艇番,2着_登録番号,2着_選手名,2着_モーター番号,2着_ボート番号,2着_展示タイム,2着_進入コース,2着_スタートタイミング,2着_レースタイム,3着_着順,3着_艇番,3着_登録番号,3着_選手名,3着_モーター番号,3着_ボート番号,3着_展示タイム,3着_進入コース,3着_スタートタイミング,3着_レースタイム,4着_着順,4着_艇番,4着_登録番号,4着_選手名,4着_モーター番号,4着_ボート番号,4着_展示タイム,4着_進入コース,4着_スタートタイミング,4着_レースタイム,5着_着順,5着_艇番,5着_登録番号,5着_選手名,5着_モーター番号,5着_ボート番号,5着_展示タイム,5着_進入コース,5着_スタートタイミング,5着_レースタイム,6着_着順,6着_艇番,6着_登録番号,6着_選手名,6着_モーター番号,6着_ボート番号,6着_展示タイム,6着_進入コース,6着_スタートタイミング,6着_レースタイム
202011032401,ＢＴＳ長崎時津開設記念,第4日,2020/11/03,大村,01R,予選,1800,晴,西,5,4,逃げ,1,170,1,100,3,100,1-3,480,3,1-3,650,3,1-3,330,5,1-4,230,2,3-4,450,6,1-3-4,1170,4,1-3-4,580,3,1,1,4969,町 田 洸 希,50,36,6.94,1,0.11,111.3,2,3,3936,三 瀬 譲,44,74,7.03,3,0.06,112.4,3,4,3561,池 田 真 治,73,22,6.94,4,0.13,113.8,4,2,3755,吉 村 和 也,59,28,7.02,2,0.12,114.5,5,6,4495,森 晋太郎,19,23,6.92,6,0.06,,6,5,5124,上 瀧 絢 也,68,11,7.0,5,0.07,
202011032402,ＢＴＳ長崎時津開設記念,第4日,2020/11/03,大村,02R,予選,1800,晴,西,5,4,差し,2,290,2,180,1,210,2-1,450,2,1-2,170,1,1-2,100,1,2-4,340,6,1-4,620,10,2-1-4,2640,11,1-2-4,1030,4,1,2,3333,丸 尾 義 孝,76,46,7.0,2,0.18,110.8,2,1,5055,眞 鳥 章 太,49,14,6.98,1,0.21,112.0,3,4,3491,富 永 茂,65,63,6.97,4,0.2,113.5,4,6,5121,定 松 勇 樹,46,58,6.93,6,0.28,114.0,5,5,4106,坂 井 康 嗣,60,55,6.96,5,0.23,,6,3,4864,小 川 日紀太,58,24,6.95,3,0.21,
202011032403,ＢＴＳ長崎時津開設記念,第4日,2020/11/03,大村,03R,予選,1800,晴,北西,5,4,差し,5,3010,5,230,2,240,5-2,8950,19,2-5,2400,8,2-5,610,8,5-6,710,10,2-6,390,6,5-2-6,28060,64,2-5-6,4690,12,1,5,4241,大 串 重 幸,27,12,7.03,4,0.14,114.4,2,2,3761,山 本 光 雄,62,34,7.04,2,0.08,116.1,3,6,3462,竹 上 真 司,48,57,7.03,6,0.19,117.0,4,4,5092,篠 原 晟 弥,74,19,7.01,5,0.19,119.9,5,1,3881,浦 上 拓 也,32,50,6.99,1,0.14,,,,,,,,,,,
202011032404,ＢＴＳ長崎時津開設記念,第4日,2020/11/03,大村,04R,予選,1800,晴,北西,5,4,逃げ,1,180,1,120,3,280,1-3,1000,6,1-3,1090,5,1-3,170,1,1-4,280,6,3-4,210,5,1-3-4,2350,9,1-3-4,820,4,1,1,4727,安 部 慎 一,20,61,6.93,1,0.19,110.7,2,3,4416,三 宅 健 太,23,76,6.98,3,0.21,112.4,3,4,4102,益 田 啓 司,51,47,7.0,4,0.21,114.0,4,5,4674,池 田 剛 規,53,44,7.02,5,0.18,115.9,5,2,3849,中 岡 正 彦,40,69,7.03,2,0.14,,6,6,3559,水 長 照 雄,26,38,6.93,6,0.16,
202011032405,ＢＴＳ長崎時津開設記念,第4日,2020/11/03,大村,05R,予選,1800,晴,北西,2,1,,3,1570,3,610,1,110,3-1,8760,15,1-3,730,2,1-3,480,7,3-4,1050,12,1-4,200,2,3-1-4,34520,58,1-3-4,2400,8,1,3,3564,桑 原 啓,34,75,6.99,3,0.11,109.0,2,1,4163,山 崎 裕 司,28,26,6.92,1,0.11,111.4,3,4,3581,加 木 郁,61,56,6.98,4,0.14,112.3,4,6,3568,木 村 光 宏,43,30,7.02,6,0.24,116.0,5,2,3265,今 村 暢 孝,35,18,6.95,2,0.15,,6,5,3477,近 藤 稔 也,52,60,6.95,5,0.18,
202011032406,ＢＴＳ長崎時津開設記念,第4日,2020/11/03,大村,06R,予選,1800,晴,北,5,4,逃げ,1,290,1,130,4,100,1-4,750,4,1-4,450,2,1-4,170,2,1-6,570,9,4-6,650,10,1-4-6,4890,19,1-4-6,3230,11,1,1,3566,川 添 英 正,63,13,6.92,1,0.23,110.8,2,4,4022,待 鳥 雄 紀,41,48,6.9,4,0.21,112.4,3,6,3936,三 瀬 譲,44,74,6.9,6,0.23,113.5,4,2,3567,吉 岡 誠,16,41,6.96,2,0.22,114.8,5,5,5055,眞 鳥 章 太,49,14,6.91,5,0.24,,6,3,3961,谷 村 一 哉,25,62,6.94,3,0.22,
202011032407,ＢＴＳ長崎時津開設記念,第4日,2020/11/03,大村,07R,予選  進入固定,1800,晴,北,4,3,逃げ,1,100,1,100,3,520,1-3,450,3,1-3,510,3,1-3,170,3,1-2,120,1,2-3,250,6,1-3-2,1070,5,1-2-3,310,2,1,1,4096,石 橋 道 友,57,15,6.76,1,0.03,114.2,2,3,4969,町 田 洸 希,50,36,6.81,3,0.11,116.7,3,2,3892,草 場 康 幸,39,54,6.79,2,0.11,118.8,4,4,3584,佐々木 英 樹,21,32,6.87,4,0.15,119.7,5,5,3537,田 山 和 広,56,71,6.79,5,0.16,,,,,,,,,,,
202011032408,ＢＴＳ長崎時津開設記念,第4日,2020/11/03,大村,08R,予選,1800,晴,北,4,3,逃げ,1,130,1,100,4,160,1-4,350,2,1-4,220,1,1-4,120,3,1-2,110,1,2-4,120,2,1-4-2,590,2,1-2-4,150,1,1,1,4583,古 田 祐 貴,18,64,6.83,1,0.1,109.3,2,4,3582,吉 川 昭 男,17,27,6.84,2,0.13,110.7,3,2,4816,村 松 修 二,64,67,6.9,3,0.15,111.9,4,6,4991,宗 行 治 哉,69,51,6.97,6,0.18,112.8,5,5,5092,篠 原 晟 弥,74,19,6.94,5,0.21,,6,3,3491,富 永 茂,65,63,6.88,4,0.09,
202011032409,ＢＴＳ長崎時津開設記念,第4日,2020/11/03,大村,09R,予選特選,1800,晴,北,4,3,逃げ,1,100,1,110,2,120,1-2,260,1,1-2,230,1,1-2,150,2,1-4,130,1,2-4,190,3,1-2-4,580,1,1-2-4,260,1,1,1,4102,益 田 啓 司,51,47,6.79,1,0.08,108.4,2,2,3961,谷 村 一 哉,25,62,6.8,2,0.16,109.3,3,4,4099,吉 永 則 雄,12,68,6.69,4,0.16,111.4,4,5,3543,福 田 雅 一,30,40,6.82,5,0.17,112.3,5,3,4241,大 串 重 幸,27,12,6.81,3,0.2,,6,6,3581,加 木 郁,61,56,6.78,6,0.17,
202011032410,ＢＴＳ長崎時津開設記念,第4日,2020/11/03,大村,10R,予選特選,1800,晴,北,3,2,逃げ,1,160,1,100,2,110,1-2,420,2,1-2,330,2,1-2,160,2,1-3,120,1,2-3,210,3,1-2-3,1090,5,1-2-3,250,1,1,1,4108,吉 村 正 明,72,29,6.79,1,0.09,109.7,2,2,3584,佐々木 英 樹,21,32,6.88,3,0.16,110.2,3,3,3265,今 村 暢 孝,35,18,6.81,2,0.14,112.1,4,6,3333,丸 尾 義 孝,76,46,6.78,6,0.14,112.6,5,4,3559,水 長 照 雄,26,38,6.78,4,0.15,,6,5,4022,待 鳥 雄 紀,41,48,6.81,5,0.12,
202011032411,ＢＴＳ長崎時津開設記念,第4日,2020/11/03,大村,11R,一般特賞,1800,晴,北西,2,1,逃げ,1,100,1,100,4,160,1-4,270,2,1-4,280,2,1-4,140,2,1-2,120,1,2-4,170,4,1-4-2,740,3,1-2-4,270,1,1,1,4816,村 松 修 二,64,67,6.81,1,0.15,108.6,2,4,3849,中 岡 正 彦,40,69,6.84,4,0.12,110.6,3,2,3568,木 村 光 宏,43,30,6.84,2,0.11,112.3,4,5,3566,川 添 英 正,63,13,6.85,5,0.29,113.3,5,6,4106,坂 井 康 嗣,60,55,6.77,6,0.16,,6,3,3892,草 場 康 幸,39,54,6.83,3,0.12,
202011032412,ＢＴＳ長崎時津開設記念,第4日,2020/11/03,大村,12R,一般特賞,1800,晴,北,4,3,逃げ,1,120,1,100,5,210,1-5,490,3,1-5,350,3,1-5,200,3,1-2,170,2,2-5,290,4,1-5-2,1270,6,1-2-5,400,2,1,1,3582,吉 川 昭 男,17,27,6.81,1,0.09,109.1,2,5,4096,石 橋 道 友,57,15,6.77,5,0.16,110.4,3,2,4416,三 宅 健 太,23,76,6.72,2,0.1,111.3,4,4,4163,山 崎 裕 司,28,26,6.81,4,0.18,111.8,5,3,3462,竹 上 真 司,48,57,6.81,3,0.13,,6,6,3543,福 田 雅 一,30,40,6.82,6,0.15,
202011032201,誰が勝っても福岡初優勝！スポーツ報知杯争奪戦,第6日,2020/11/03,福岡,01R,一般,1800,晴,北西,4,4,逃げ,1,150,1,100,2,110,1-2,190,1,1-2,100,1,1-2,100,1,1-5,200,3,2-5,360,7,1-2-5,690,2,1-2-5,430,2,1,1,4382,高 山 智 至,32,153,6.88,1,0.19,111.7,2,2,4346,前 田 健太郎,75,159,6.91,2,0.26,114.4,3,5,5084,末 永 和 也,36,168,6.96,5,0.21,114.7,4,3,3058,原 義 昭,47,123,6.98,3,0.28,114.9,5,6,5029,中 亮 太,60,126,6.92,6,0.21,,6,4,5104,山 田 丈,14,148,6.89,4,0.36,
202011032202,誰が勝っても福岡初優勝！スポーツ報知杯争奪戦,第6日,2020/11/03,福岡,02R,一般,1800,晴,北西,4,4,差し,2,840,2,150,1,140,2-1,2670,10,1-2,1260,6,1-2,360,5,2-3,630,6,1-3,210,3,2-1-3,7320,25,1-2-3,1040,4,1,2,4046,谷 村 啓 司,23,106,6.92,2,0.16,110.8,2,1,3928,林 恵 祐,15,164,6.99,1,0.12,113.0,3,3,3516,吉 原 聖 人,67,170,6.95,3,0.08,114.5,4,4,4703,森 永 隆,62,133,6.91,4,0.18,114.6,5,5,5119,真 田 翔 磨,38,108,6.96,5,0.18,,6,6,5105,富 田 恕 生,31,115,6.89,6,0.18,
202011032203,誰が勝っても福岡初優勝！スポーツ報知杯争奪戦,第6日,2020/11/03,福岡,03R,一般,1800,晴,北西,3,3,まくり,3,200,3,100,1,100,3-1,370,1,1-3,160,1,1-3,150,1,3-4,150,2,1-4,440,8,3-1-4,930,1,1-3-4,340,1,1,3,4506,稗 田 聖 也,20,160,6.93,3,0.17,110.5,2,1,4023,柴 田 友 和,19,166,6.98,1,0.19,113.0,3,4,3781,秋 元 誠,70,131,6.9,4,0.14,114.8,4,2,4180,上 野 秀 和,33,145,6.94,2,0.2,116.2,5,6,5101,表 健 太,69,158,6.88,6,0.3,,6,5,3246,星 野 政 彦,52,102,6.96,5,0.13,
202011032204,誰が勝っても福岡初優勝！スポーツ報知杯争奪戦,第6日,2020/11/03,福岡,04R,一般,1800,晴,北西,4,4,逃げ,1,130,1,100,3,100,1-3,240,1,1-3,140,1,1-3,100,1,1-4,200,5,3-4,200,6,1-3-4,630,2,1-3-4,350,2,1,1,3814,金 子 貴 志,16,141,6.87,1,0.19,110.5,2,3,4503,上 野 真之介,42,174,6.91,3,0.17,111.9,3,4,4355,小 川 広 大,61,110,6.95,4,0.13,114.4,4,6,4393,田 中 孝 明,74,152,6.94,5,0.15,115.3,5,2,3809,吉 田 光,53,132,6.96,2,0.25,,6,5,5131,江 藤 敦 宏,29,151,6.88,6,0.11,
202011032205,誰が勝っても福岡初優勝！スポーツ報知杯争奪戦,第6日,2020/11/03,福岡,05R,一般,1800,晴,北西,4,4,差し,2,270,2,260,1,140,2-1,530,2,1-2,210,1,1-2,200,2,2-4,450,7,1-4,330,6,2-1-4,3170,11,1-2-4,730,3,1,2,4336,松 田 竜 馬,64,161,6.96,2,0.17,118.8,2,1,3444,香 月 大 介,25,167,6.83,1,0.19,120.9,3,4,5018,竹 下 大 樹,51,155,6.9,4,0.19,122.2,4,5,3918,深 井 利 寿,41,173,6.94,5,0.25,125.7,5,6,5104,山 田 丈,14,148,6.84,6,0.26,,,,,,,,,,,
202011032206,誰が勝っても福岡初優勝！スポーツ報知杯争奪戦,第6日,2020/11/03,福岡,06R,一般,1800,晴,北,3,3,逃げ,1,170,1,110,4,190,1-4,260,1,1-4,160,1,1-4,140,2,1-2,230,3,2-4,310,6,1-4-2,690,1,1-2-4,350,1,1,1,4154,森 安 弘 雅,17,137,7.01,1,0.21,112.1,2,4,3548,室 田 泰 史,40,129,7.02,4,0.14,113.0,3,2,5029,中 亮 太,60,126,6.95,2,0.22,114.2,4,3,3338,出 本 正 博,43,112,7.01,3,0.17,115.5,5,5,3516,吉 原 聖 人,67,170,6.9,5,0.19,,6,6,5084,末 永 和 也,36,168,6.94,6,0.22,
202011032207,誰が勝っても福岡初優勝！スポーツ報知杯争奪戦,第6日,2020/11/03,福岡,07R,一般,1800,晴,北,4,4,逃げ,1,130,1,100,3,130,1-3,160,1,1-3,150,1,1-3,110,1,1-2,160,3,2-3,180,4,1-3-2,410,1,1-2-3,150,1,1,1,4638,小 林 遼 太,71,130,6.87,1,0.25,112.6,2,3,4734,安河内 将,68,111,6.94,3,0.19,113.7,3,2,3246,星 野 政 彦,52,102,6.98,2,0.24,115.1,4,4,3058,原 義 昭,47,123,6.91,4,0.23,116.0,5,5,5101,表 健 太,69,158,6.91,5,0.38,,6,6,5119,真 田 翔 磨,38,108,6.88,6,0.34,
202011032208,誰が勝っても福岡初優勝！スポーツ報知杯争奪戦,第6日,2020/11/03,福岡,08R,一般  進入固定,1800,晴,北,4,4,逃げ,1,100,1,100,4,670,1-4,940,3,1-4,640,3,1-4,230,4,1-3,190,2,3-4,230,5,1-4-3,1810,6,1-3-4,440,3,1,1,4151,下 河 誉 史,39,113,6.91,1,0.18,112.4,2,4,4046,谷 村 啓 司,23,106,6.9,4,0.21,114.3,3,3,4180,上 野 秀 和,33,145,6.92,3,0.19,115.9,4,5,5105,富 田 恕 生,31,115,6.82,5,0.24,116.4,5,6,5131,江 藤 敦 宏,29,151,6.86,6,0.25,,6,2,3781,秋 元 誠,70,131,6.87,2,0.16,
202011032209,誰が勝っても福岡初優勝！スポーツ報知杯争奪戦,第6日,2020/11/03,福岡,09R,ペラ坊特選,1800,晴,北,4,4,,2,710,2,450,4,730,2-4,4640,9,2-4,2130,5,2-4,330,5,2-3,320,4,3-4,750,7,2-4-3,18270,34,2-3-4,2180,8,1,2,5018,竹 下 大 樹,51,155,6.83,2,0.11,112.4,2,4,3809,吉 田 光,53,132,6.91,4,0.13,114.0,3,3,4355,小 川 広 大,61,110,6.94,3,0.2,119.1,4,6,4023,柴 田 友 和,19,166,6.94,6,0.21,122.3,5,5,3928,林 恵 祐,15,164,6.99,5,0.17,,,,,,,,,,,
202011032210,誰が勝っても福岡初優勝！スポーツ報知杯争奪戦,第6日,2020/11/03,福岡,10R,選抜戦,1800,晴,北,4,4,逃げ,1,130,1,100,3,170,1-3,480,3,1-3,340,2,1-3,210,2,1-5,330,4,3-5,540,8,1-3-5,2020,8,1-3-5,1240,5,1,1,4506,稗 田 聖 也,20,160,6.83,1,0.12,110.3,2,3,4336,松 田 竜 馬,64,161,6.89,3,0.09,111.9,3,5,3814,金 子 貴 志,16,141,6.95,5,0.13,114.1,4,2,4703,森 永 隆,62,133,6.79,2,0.11,115.5,5,6,4154,森 安 弘 雅,17,137,7.0,6,0.14,,6,4,4638,小 林 遼 太,71,130,6.84,4,0.11,
202011032211,誰が勝っても福岡初優勝！スポーツ報知杯争奪戦,第6日,2020/11/03,福岡,11R,選抜戦,1800,晴,北,4,4,逃げ,1,100,1,100,2,100,1-2,170,1,1-2,150,1,1-2,120,1,1-5,290,5,2-5,550,9,1-2-5,1020,4,1-2-5,570,3,1,1,4503,上 野 真之介,42,174,6.89,1,0.16,109.9,2,2,4734,安河内 将,68,111,6.88,2,0.22,111.4,3,5,4382,高 山 智 至,32,153,6.97,5,0.2,113.2,4,4,3444,香 月 大 介,25,167,6.86,4,0.16,114.0,5,3,3548,室 田 泰 史,40,129,6.9,3,0.12,,6,6,4151,下 河 誉 史,39,113,6.88,6,0.24,
202011032212,誰が勝っても福岡初優勝！スポーツ報知杯争奪戦,第6日,2020/11/03,福岡,12R,優勝戦,1800,晴,北,4,4,差し,4,1350,4,340,1,130,4-1,3210,10,1-4,520,3,1-4,190,3,3-4,400,7,1-3,140,1,4-1-3,14220,39,1-3-4,670,4,1,4,4398,船 岡 洋一郎,57,128,6.86,4,0.08,110.0,2,1,3907,村 越 篤,18,144,6.83,1,0.09,110.8,3,3,3662,大 庭 元 明,11,162,6.86,3,0.1,112.4,4,5,4237,大 峯 豊,21,154,6.81,5,0.14,112.9,5,2,4485,楠 原 正 剛,49,120,6.85,2,0.07,,6,6,4624,高 田 明,48,121,6.81,6,0.11,
202011032101,西部ボートレース記者クラブ杯,第6日,2020/11/03,芦屋,01R,一般,1800,晴,南西,1,1,逃げ,1,100,1,100,3,130,1-3,290,2,1-3,250,2,1-3,120,1,1-2,140,2,2-3,320,6,1-3-2,970,5,1-2-3,410,3,1,1,4757,山 田 祐 也,30,68,6.88,1,0.03,107.4,2,3,4749,山 口 貢 輝,22,52,6.86,3,0.02,109.5,3,2,4047,吉 永 浩 則,56,39,6.86,2,0.05,111.5,4,5,3454,井 川 大 作,54,11,6.9,5,0.15,112.8,5,6,4881,檀 将 太,28,13,6.77,6,0.16,,6,4,4705,吉 川 勇 作,49,37,6.84,4,0.13,
202011032102,西部ボートレース記者クラブ杯,第6日,2020/11/03,芦屋,02R,一般,1800,晴,南,1,1,逃げ,1,130,1,100,2,140,1-2,280,2,1-2,320,2,1-2,130,2,1-4,110,1,2-4,140,3,1-2-4,440,2,1-2-4,170,1,1,1,4402,乙 藤 智 史,64,26,6.84,1,0.17,107.7,2,2,4264,長 尾 章 平,38,28,6.83,2,0.18,109.2,3,4,4064,原 田 篤 志,25,16,6.81,4,0.16,109.7,4,3,4725,佐 竹 太 一,10,56,6.85,3,0.16,111.2,5,5,4750,井 上 尚 悟,8,50,6.75,5,0.14,,6,6,4978,山 田 和 佐,51,12,6.87,6,0.12,
202011032103,西部ボートレース記者クラブ杯,第6日,2020/11/03,芦屋,03R,一般,1800,晴,南西,2,2,逃げ,1,150,1,100,2,440,1-2,870,4,1-2,1070,5,1-2,280,4,1-5,240,3,2-5,920,9,1-2-5,4930,15,1-2-5,2200,6,1,1,4451,松 崎 祐太郎,5,43,6.88,1,0.11,109.1,2,2,4458,抹 香 雄 三,15,61,6.94,2,0.08,111.0,3,5,4704,河 野 大,55,38,6.79,5,0.07,111.9,4,3,4136,江 夏 満,60,25,6.84,3,0.07,112.2,5,6,4010,越 智 照 浩,14,71,6.87,6,0.1,,6,4,4834,浜 本 裕 己,7,41,6.82,4,0.07,
202011032104,西部ボートレース記者クラブ杯,第6日,2020/11/03,芦屋,04R,一般  進入固定,1800,晴,北西,2,2,逃げ,1,100,1,100,2,130,1-2,190,1,1-2,130,1,1-2,100,1,1-3,130,2,2-3,200,5,1-2-3,360,1,1-2-3,230,1,1,1,3623,深 川 真 二,65,47,6.81,1,0.03,109.0,2,2,4403,木 下 大 將,53,22,6.85,2,0.01,110.0,3,3,3434,松 尾 宣 邦,19,20,6.91,3,,111.7,4,4,4498,宮 本 夏 樹,35,34,6.81,4,0.01,114.1,5,6,5008,羽 野 諒,13,17,6.86,6,0.21,,6,5,5032,谷 口 知 優,62,75,6.88,5,0.01,
202011032105,西部ボートレース記者クラブ杯,第6日,2020/11/03,芦屋,05R,一般,1800,晴,北西,3,3,,2,160,2,100,1,100,2-1,230,1,1-2,130,1,1-2,120,1,2-4,440,7,1-4,380,6,2-1-4,1990,8,1-2-4,720,3,1,2,4686,丸 野 一 樹,29,24,6.89,2,0.22,108.1,2,1,3904,森 貴 洋,37,63,6.93,1,0.17,110.3,3,4,3454,井 川 大 作,54,11,6.92,4,0.14,112.1,4,5,4259,真 庭 明 志,44,53,6.88,5,0.18,112.4,5,6,3986,沖 島 広 和,2,62,6.91,6,0.19,,6,3,4343,村 岡 賢,36,36,6.94,3,0.19,
202011032106,西部ボートレース記者クラブ杯,第6日,2020/11/03,芦屋,06R,一般,1800,晴,北西,5,5,,6,590,6,200,1,170,6-1,2480,11,1-6,1180,6,1-6,540,6,3-6,550,7,1-3,250,4,6-1-3,15270,55,1-3-6,2740,9,1,6,4445,宮 地 元 輝,41,72,6.97,4,0.21,109.0,2,1,4705,吉 川 勇 作,49,37,6.91,1,0.17,110.1,3,3,3064,山 崎 昭 生,11,54,6.95,3,0.13,111.4,4,4,4978,山 田 和 佐,51,12,6.93,5,0.24,112.0,5,5,4798,浜 先 真 範,45,58,6.87,6,0.28,,6,2,4739,中 村 晃 朋,33,15,6.97,2,0.24,
202011032107,西部ボートレース記者クラブ杯,第6日,2020/11/03,芦屋,07R,一般  進入固定,1800,晴,北西,5,5,逃げ,1,180,1,110,5,240,1-5,900,3,1-5,530,3,1-5,190,2,1-4,330,3,4-5,500,6,1-5-4,2280,7,1-4-5,520,3,1,1,4861,田 中 宏 樹,32,14,6.88,1,0.17,109.7,2,5,4834,浜 本 裕 己,7,41,6.92,5,0.12,109.9,3,4,4047,吉 永 浩 則,56,39,6.97,4,0.15,112.3,4,2,3869,井 芹 大 志,1,60,6.93,2,0.16,113.3,5,3,4996,中 尾 智 博,59,67,6.89,3,0.17,,6,6,4952,吉 武 真 也,52,32,6.85,6,0.21,
202011032108,西部ボートレース記者クラブ杯,第6日,2020/11/03,芦屋,08R,一般,1800,晴,北西,5,5,逃げ,1,140,1,100,3,170,1-3,250,1,1-3,230,1,1-3,130,1,1-4,150,3,3-4,160,4,1-3-4,520,1,1-3-4,260,1,1,1,4363,大 野 芳 顕,48,59,6.84,1,0.06,109.4,2,3,4498,宮 本 夏 樹,35,34,6.86,4,0.1,110.9,3,4,5028,原 田 才一郎,3,19,6.87,5,0.15,111.6,4,5,4881,檀 将 太,28,13,6.82,6,0.16,112.8,5,6,3458,東 健 介,31,40,6.89,2,0.16,,6,2,5032,谷 口 知 優,62,75,6.88,3,0.19,
202011032109,西部ボートレース記者クラブ杯,第6日,2020/11/03,芦屋,09R,一般,1800,晴,北西,5,5,逃げ,1,220,1,100,2,100,1-2,560,3,1-2,280,1,1-2,100,1,1-3,180,4,2-3,130,2,1-2-3,830,1,1-2-3,240,1,1,1,4750,井 上 尚 悟,8,50,6.83,1,0.18,108.5,2,2,3514,山 一 鉄 也,57,74,6.92,2,0.14,109.1,3,3,3904,森 貴 洋,37,63,6.93,3,0.17,111.6,4,5,3855,大 熊 辰 弥,50,73,6.87,5,0.26,113.4,5,6,4410,井 上 大 輔,47,49,6.97,6,0.19,,6,4,2844,田 中 伸 二,34,66,6.96,4,0.24,
202011032110,西部ボートレース記者クラブ杯,第6日,2020/11/03,芦屋,10R,準優勝戦,1800,晴,北西,5,5,逃げ,1,150,1,100,2,100,1-2,170,1,1-2,120,1,1-2,100,1,1-3,160,2,2-3,220,5,1-2-3,360,1,1-2-3,230,1,1,1,4136,江 夏 満,60,25,6.87,1,0.09,108.3,2,2,3623,深 川 真 二,65,47,6.86,2,0.11,109.7,3,3,4757,山 田 祐 也,30,68,6.89,3,0.15,111.3,4,5,4739,中 村 晃 朋,33,15,6.94,5,0.17,112.9,5,4,4264,長 尾 章 平,38,28,6.86,4,0.14,,6,6,4403,木 下 大 將,53,22,6.86,6,0.17,
202011032111,西部ボートレース記者クラブ杯,第6日,2020/11/03,芦屋,11R,準優勝戦,1800,晴,北西,5,5,まくり,3,860,3,490,4,510,3-4,3940,8,3-4,3180,5,3-4,550,9,3-6,2440,13,4-6,3500,14,3-4-6,67350,56,3-4-6,14580,15,1,3,4704,河 野 大,55,38,6.8,3,0.17,108.6,2,4,4451,松 崎 祐太郎,5,43,6.89,4,0.13,109.7,3,6,4749,山 口 貢 輝,22,52,6.97,6,0.09,112.0,4,5,3986,沖 島 広 和,2,62,6.88,5,0.11,112.1,5,2,4259,真 庭 明 志,44,53,6.91,2,0.18,,6,1,4064,原 田 篤 志,25,16,6.81,1,0.16,
202011032112,西部ボートレース記者クラブ杯,第6日,2020/11/03,芦屋,12R,準優勝戦,1800,晴,北西,5,5,逃げ,1,100,1,100,3,150,1-3,260,2,1-3,250,2,1-3,120,2,1-2,100,1,2-3,190,4,1-3-2,550,2,1-2-3,240,1,1,1,4686,丸 野 一 樹,29,24,6.88,1,0.18,108.0,2,3,4798,浜 先 真 範,45,35,6.79,3,0.26,110.2,3,2,4402,乙 藤 智 史,64,26,6.87,2,0.2,111.1,4,4,4363,大 野 芳 顕,48,59,6.81,4,0.14,111.8,5,5,3434,松 尾 宣 邦,19,20,6.97,5,0.16,,6,6,3869,井 芹 大 志,1,60,6.94,6,0.17,
202011032001,資さん杯,第2日,2020/11/03,若松,01R,予選,1800,晴,西,7,7,逃げ,1,170,1,100,3,270,1-3,340,1,1-3,340,2,1-3,230,2,1-5,270,3,3-5,370,5,1-3-5,1330,5,1-3-5,450,2,1,1,3661,柳 瀬 興 志,26,65,6.78,1,0.29,114.9,2,3,4846,佐 藤 駿 介,55,43,6.81,3,0.33,117.9,3,5,4138,中 井 俊 祐,24,35,6.79,5,0.33,122.0,4,2,3974,深 山 祐 二,23,59,6.78,2,0.26,127.2,,,,,,,,,,,,,,,,,,,,
202011032002,資さん杯,第2日,2020/11/03,若松,02R,予選,1800,晴,西,7,7,,1,200,1,100,5,100,1-5,400,1,1-5,300,1,1-5,110,1,1-3,310,5,3-5,370,7,1-5-3,1900,7,1-3-5,540,3,1,1,3553,平 池 仁 志,7,17,6.81,1,0.12,111.1,2,5,4450,平 高 奈 菜,21,70,6.82,5,0.15,111.2,3,3,4708,半 田 尚 也,51,71,6.87,3,0.17,113.6,4,2,4557,松 尾 光 広,57,62,6.84,2,0.21,115.2,5,4,4374,永 田 義 紘,42,16,6.88,4,0.17,,6,6,5144,中 尾 彩 香,10,47,6.85,6,0.18,
202011032003,資さん杯,第2日,2020/11/03,若松,03R,予選,1800,晴,北西,7,7,差し,3,1690,3,170,2,290,3-2,2880,12,2-3,870,5,2-3,260,3,3-6,2030,15,2-6,640,11,3-2-6,21440,72,2-3-6,3920,16,1,3,3401,上 田 隆 章,48,55,6.81,3,0.23,110.5,2,2,4657,江 崎 一 雄,17,15,6.73,2,0.15,111.2,3,6,3361,岡 部 浩,58,54,6.76,6,0.26,113.1,4,1,3518,倉 田 郁 美,33,32,6.7,1,0.22,114.5,5,5,3290,倉 谷 和 信,8,41,6.79,5,0.21,,6,4,3186,沖 悟,19,75,6.81,4,0.19,
202011032004,資さん杯,第2日,2020/11/03,若松,04R,予選,1800,晴,北西,5,5,逃げ,1,140,1,100,2,550,1-2,690,3,1-2,480,3,1-2,290,5,1-3,170,2,2-3,280,4,1-2-3,2530,9,1-2-3,710,2,1,1,3508,久 富 政 弘,4,13,6.83,1,0.17,110.6,2,2,3964,宮 地 博 士,25,14,6.81,2,0.16,112.3,3,3,3919,村 上 純,39,27,6.81,3,0.23,113.3,4,5,4463,三 苫 晃 幸,27,58,6.77,5,0.36,114.5,5,4,3684,清 水 攻 二,34,64,6.84,4,0.33,,6,6,3474,松 瀬 弘 美,11,21,6.82,6,0.45,
202011032005,資さん杯,第2日,2020/11/03,若松,05R,進入固定戦隊  進入固定,1800,晴,北西,4,4,差し,2,480,2,100,1,100,2-1,890,4,1-2,190,1,1-2,170,2,2-4,250,4,1-4,180,3,2-1-4,2470,10,1-2-4,310,2,1,2,4375,照 屋 厚 仁,2,28,6.81,2,0.21,110.0,2,1,3900,香 川 素 子,49,48,6.79,1,0.18,111.1,3,4,4515,藤 田 浩 人,41,39,6.85,4,0.21,113.1,4,5,4383,竹 田 吉 行,36,57,6.86,5,0.18,114.5,5,6,4948,木 場 悠 介,37,38,6.84,6,0.18,,6,3,3661,柳 瀬 興 志,26,65,6.78,3,0.21,
202011032006,資さん杯,第2日,2020/11/03,若松,06R,予選,1800,晴,北西,4,4,逃げ,1,150,1,100,6,430,1-6,1000,6,1-6,1100,5,1-6,250,5,1-5,120,1,5-6,390,8,1-6-5,2110,7,1-5-6,550,2,1,1,3349,吉 田 一 郎,20,67,6.81,1,0.18,110.0,2,6,3574,大 神 康 司,22,73,6.84,5,0.25,111.2,3,5,4193,郷 原 章 平,43,53,6.84,4,0.19,111.8,4,3,3994,茶 谷 桜,6,61,6.85,3,0.22,112.9,5,2,4213,重 富 伸 也,59,50,6.84,2,0.21,,6,4,3683,小 羽 正 作,53,37,6.82,6,0.21,
202011032007,資さん杯,第2日,2020/11/03,若松,07R,予選特賞,1800,晴,北西,3,3,,2,1270,2,480,4,600,2-4,1970,8,2-4,850,5,2-4,200,5,1-2,160,3,1-4,150,2,2-4-1,3890,19,1-2-4,170,1,1,2,4433,川 野 芽 唯,52,23,6.79,2,0.14,108.7,2,4,4070,中 村 亮 太,18,60,6.79,3,0.15,110.8,3,1,4122,安 東 幸 治,3,33,6.79,1,0.22,112.4,4,5,4708,半 田 尚 也,51,71,6.85,4,0.23,114.4,5,6,4812,西 野 雄 貴,9,42,6.84,5,0.22,,,,,,,,,,,
202011032008,資さん杯,第2日,2020/11/03,若松,08R,エイトビート,1800,晴,北,1,1,差し,2,190,2,230,3,260,2-3,930,4,2-3,520,2,2-3,220,3,2-4,370,7,3-4,510,9,2-3-4,3700,13,2-3-4,1950,5,1,2,4831,羽 野 直 也,54,68,6.81,2,0.17,109.3,2,3,4381,田 路 朋 史,1,36,6.79,3,0.15,110.6,3,4,4846,佐 藤 駿 介,55,43,6.87,4,0.14,111.8,4,1,4171,榎 幸 司,56,74,6.86,1,0.18,112.7,5,5,4941,孫 崎 百 世,50,11,6.78,6,0.09,,6,6,3186,沖 悟,19,75,6.83,5,0.11,
202011032009,資さん杯,第2日,2020/11/03,若松,09R,予選,1800,晴,北西,4,4,,5,300,5,170,6,150,5-6,850,5,5-6,760,4,5-6,270,5,2-5,320,6,2-6,470,9,5-6-2,3420,16,2-5-6,1390,7,1,5,4593,小 坂 宗 司,40,49,6.79,4,0.13,108.9,2,6,4653,小 野 達 哉,35,25,6.79,5,0.19,109.6,3,2,4948,木 場 悠 介,37,38,6.82,2,0.19,112.4,4,4,3361,岡 部 浩,58,54,6.81,3,0.16,112.7,5,1,3684,清 水 攻 二,34,64,6.8,1,0.29,,,,,,,,,,,
202011032010,資さん杯,第2日,2020/11/03,若松,10R,予選特賞,1800,晴,北,4,4,逃げ,1,120,1,120,2,100,1-2,260,1,1-2,180,1,1-2,100,1,1-5,170,3,2-5,120,2,1-2-5,660,1,1-2-5,230,1,1,1,3919,村 上 純,39,27,6.81,1,0.14,108.8,2,2,4193,郷 原 章 平,43,53,6.8,2,0.08,110.5,3,5,4375,照 屋 厚 仁,2,28,6.82,5,0.16,112.6,4,3,3553,平 池 仁 志,7,17,6.85,3,0.17,114.3,5,4,3974,深 山 祐 二,23,59,6.8,4,0.19,,6,6,3401,上 田 隆 章,48,55,6.84,6,0.2,
202011032011,資さん杯,第2日,2020/11/03,若松,11R,予選特選,1800,晴,北,2,2,逃げ,1,120,1,110,4,420,1-4,3150,11,1-4,2260,6,1-4,820,11,1-3,210,2,3-4,890,12,1-4-3,10920,33,1-3-4,2580,9,1,1,4070,中 村 亮 太,18,60,6.71,1,0.14,108.5,2,4,4557,松 尾 光 広,57,62,6.8,4,0.05,110.4,3,3,3290,倉 谷 和 信,8,41,6.84,3,0.11,112.3,4,5,4831,羽 野 直 也,54,68,6.78,5,0.05,113.6,5,2,4138,中 井 俊 祐,24,35,6.79,2,0.15,,6,6,3683,小 羽 正 作,53,37,6.83,6,0.11,
202011032012,資さん杯,第2日,2020/11/03,若松,12R,一般特選,1800,晴,北,2,2,逃げ,1,110,1,100,3,130,1-3,230,1,1-3,210,1,1-3,110,1,1-4,130,2,3-4,200,4,1-3-4,480,1,1-3-4,240,1,1,1,4450,平 高 奈 菜,21,70,6.8,1,0.09,108.7,2,3,3900,香 川 素 子,49,48,6.84,3,0.12,110.3,3,4,4433,川 野 芽 唯,52,23,6.82,4,0.18,111.6,4,6,4941,孫 崎 百 世,50,11,6.77,6,0.13,112.8,5,2,3518,倉 田 郁 美,33,32,6.75,2,0.13,,6,5,3994,茶 谷 桜,6,61,6.9,5,0.18,
202011031801,住信ＳＢＩネット銀行賞,第2日,2020/11/03,徳山,01R,モーニング特  進入固定,1800,晴,北,1,1,逃げ,1,100,1,100,5,150,1-5,450,2,1-5,410,2,1-5,140,2,1-3,120,1,3-5,260,6,1-5-3,1030,3,1-3-5,300,1,1,1,4737,竹 井 貴 史,53,35,6.93,1,0.26,110.5,2,5,4817,渡 邉 翼,35,69,7.03,5,0.2,111.8,3,3,4632,長 尾 京志郎,44,29,7.05,3,0.21,112.7,4,6,4884,勝 浦 真 帆,42,26,7.0,6,0.22,115.5,5,4,3587,武 田 信 一,65,39,7.03,4,0.23,,6,2,4970,井 町 泰,64,63,7.0,2,0.23,
202011031802,住信ＳＢＩネット銀行賞,第2日,2020/11/03,徳山,02R,グランプリ特,1800,晴,北,2,2,逃げ,1,110,1,100,4,110,1-4,250,1,1-4,270,2,1-4,130,1,1-3,200,4,3-4,310,6,1-4-3,750,3,1-3-4,350,2,1,1,4530,小 野 生 奈,49,64,6.82,1,0.09,108.8,2,4,4361,柳 生 泰 二,57,34,6.87,4,0.15,111.9,3,3,3746,岡 瀬 正 人,43,15,6.98,3,0.17,113.6,4,5,4980,佐々木 完 太,66,21,6.94,5,0.16,114.1,5,2,3577,向 所 浩 二,63,31,6.92,2,0.15,,6,6,5026,安河内 健,45,28,6.97,6,0.16,
202011031803,住信ＳＢＩネット銀行賞,第2日,2020/11/03,徳山,03R,プライド予選,1800,晴,北西,2,2,逃げ,1,110,1,100,2,720,1-2,390,3,1-2,370,3,1-2,140,2,1-6,150,3,2-6,430,6,1-2-6,780,3,1-2-6,390,2,1,1,4072,森 永 淳,26,62,6.93,1,0.23,111.0,2,2,4603,谷 川 将 太,28,74,6.93,2,0.22,112.4,3,6,3788,一 宮 稔 弘,61,54,7.0,5,0.17,114.8,4,4,4934,佐々木 翔 斗,27,40,6.98,4,0.19,115.8,5,3,3558,山 本 浩 次,32,66,6.99,3,0.23,,6,5,5123,福 山 恵里奈,37,46,7.01,6,0.23,
202011031804,住信ＳＢＩネット銀行賞,第2日,2020/11/03,徳山,04R,モーニング予,1800,晴,東,2,2,逃げ,1,100,1,100,2,100,1-2,160,1,1-2,130,1,1-2,100,1,1-5,240,4,2-5,340,7,1-2-5,770,3,1-2-5,310,3,1,1,4482,守 屋 美 穂,41,43,6.93,1,0.26,110.4,2,2,4514,上 條 嘉 嗣,69,33,6.99,2,0.21,112.8,3,5,4747,山 戸 信 二,58,59,6.98,5,0.17,113.4,4,3,4890,石 川 諒,30,73,7.02,3,0.18,115.1,5,4,4253,西 川 真 人,40,50,6.97,4,0.14,,6,6,5163,清 水 愛 海,70,58,6.91,6,0.22,
202011031805,住信ＳＢＩネット銀行賞,第2日,2020/11/03,徳山,05R,予選,1800,晴,東,2,2,,2,170,2,100,1,100,2-1,280,1,1-2,150,1,1-2,100,1,2-6,140,2,1-6,180,4,2-1-6,600,1,1-2-6,250,1,1,2,4544,松 田 大志郎,54,53,6.93,2,0.19,109.9,2,1,4656,大 崎 翔,48,27,7.05,1,0.15,111.7,3,6,4448,青 木 玄 太,38,65,6.89,6,0.15,112.9,4,4,3943,三 松 直 美,33,37,7.08,4,0.13,115.0,5,3,4116,川 田 正 人,46,19,7.07,3,0.19,,6,5,4970,井 町 泰,64,63,7.03,5,0.14,
202011031806,住信ＳＢＩネット銀行賞,第2日,2020/11/03,徳山,06R,予選,1800,晴,南東,3,3,逃げ,1,410,1,130,3,150,1-3,480,1,1-3,260,1,1-3,140,2,1-4,170,3,3-4,140,1,1-3-4,1000,1,1-3-4,250,1,1,1,4014,片 岡 恵 里,47,75,6.98,1,0.1,111.5,2,3,3427,大 賀 広 幸,56,68,6.96,3,0.14,112.2,3,4,4737,竹 井 貴 史,53,35,6.96,4,0.14,112.9,4,5,3820,樫 葉 次 郎,34,51,7.03,5,0.13,114.5,5,6,3746,岡 瀬 正 人,43,15,7.02,6,0.14,,6,2,5024,古 場 健 也,68,44,6.98,2,0.14,
202011031807,住信ＳＢＩネット銀行賞,第2日,2020/11/03,徳山,07R,予選,1800,晴,北,3,3,差し,2,450,2,150,1,100,2-1,800,4,1-2,310,2,1-2,160,2,2-5,320,7,1-5,220,4,2-1-5,2880,11,1-2-5,650,3,1,2,4112,大久保 信一郎,67,49,6.97,2,0.26,111.3,2,1,4632,長 尾 京志郎,44,29,7.0,1,0.24,112.5,3,5,3901,松 田 憲 幸,29,12,7.06,5,0.32,114.2,4,3,4164,岩 永 節 也,31,18,7.01,3,0.24,116.1,5,4,4580,長谷川 雅 和,59,55,7.0,4,0.22,,6,6,5123,福 山 恵里奈,37,46,7.05,6,0.46,
202011031808,住信ＳＢＩネット銀行賞,第2日,2020/11/03,徳山,08R,予選,1800,晴,南,4,4,逃げ,1,110,1,100,4,250,1-4,290,1,1-4,320,1,1-4,150,2,1-6,240,3,4-6,370,7,1-4-6,700,1,1-4-6,420,2,1,1,3577,向 所 浩 二,63,31,6.96,1,0.17,110.9,2,4,4089,妹 尾 忠 幸,52,13,7.06,4,0.15,113.1,3,6,4522,古 澤 光 紀,55,60,7.04,6,0.12,114.5,4,3,4603,谷 川 将 太,28,74,7.02,3,0.17,115.3,5,5,4890,石 川 諒,30,73,7.04,5,0.15,,6,2,4884,勝 浦 真 帆,42,26,6.99,2,0.15,
202011031809,住信ＳＢＩネット銀行賞,第2日,2020/11/03,徳山,09R,予選,1800,晴,東,3,3,,2,210,2,100,1,100,2-1,430,2,1-2,180,1,1-2,140,1,2-4,290,5,1-4,360,7,2-1-4,3190,13,1-2-4,1230,5,1,2,4448,青 木 玄 太,38,65,6.95,2,0.12,111.0,2,1,4817,渡 邉 翼,35,69,7.02,1,0.17,112.6,3,4,5026,安河内 健,45,28,7.02,4,0.25,112.9,4,5,4514,上 條 嘉 嗣,69,33,7.06,5,0.22,115.2,5,3,3788,一 宮 稔 弘,61,54,7.04,3,0.14,,6,6,4789,古 賀 智 之,60,17,7.02,6,0.23,
202011031810,住信ＳＢＩネット銀行賞,第2日,2020/11/03,徳山,10R,予選,1800,晴,北東,4,4,逃げ,1,340,1,450,4,570,1-4,2250,10,1-4,1400,6,1-4,250,5,1-2,170,4,2-4,160,1,1-4-2,3900,15,1-2-4,670,3,1,1,3587,武 田 信 一,65,39,7.08,1,0.05,113.1,2,4,4116,川 田 正 人,46,61,7.11,4,0.07,113.7,3,2,4079,出 畑 孝 典,36,47,7.0,2,0.11,115.7,4,3,4934,佐々木 翔 斗,27,40,7.06,3,0.11,117.4,5,6,4361,柳 生 泰 二,57,34,7.0,5,0.09,,6,5,5163,清 水 愛 海,70,58,7.04,6,0.13,
202011031811,住信ＳＢＩネット銀行賞,第2日,2020/11/03,徳山,11R,すなっち特賞,1800,晴,北東,5,5,まくり,3,140,3,100,4,400,3-4,590,4,3-4,650,3,3-4,260,4,3-6,180,2,4-6,390,7,3-4-6,910,4,3-4-6,470,3,1,3,4530,小 野 生 奈,49,64,6.97,2,0.17,111.2,2,4,4747,山 戸 信 二,58,59,7.08,3,0.23,114.2,3,6,3901,松 田 憲 幸,29,12,7.18,5,0.26,115.3,4,2,4263,武 重 雄 介,51,56,7.15,1,0.16,116.3,5,5,5024,古 場 健 也,68,44,7.1,4,0.22,,,,,,,,,,,
202011031812,住信ＳＢＩネット銀行賞,第2日,2020/11/03,徳山,12R,ドリーム戦,1800,晴,北東,6,6,逃げ,1,110,1,100,2,120,1-2,280,1,1-2,280,1,1-2,100,1,1-5,180,4,2-5,460,7,1-2-5,1230,6,1-2-5,590,4,1,1,4544,松 田 大志郎,54,53,6.89,1,0.03,111.0,2,2,3427,大 賀 広 幸,56,68,6.99,2,0.04,113.0,3,5,4522,古 澤 光 紀,55,60,7.06,5,0.11,114.1,4,6,4580,長谷川 雅 和,59,55,7.02,6,0.07,114.9,5,3,4482,守 屋 美 穂,41,43,7.01,3,0.04,,6,4,4072,森 永 淳,26,62,7.01,4,0.06,
202011031601,第３６回倉敷市長杯,第1日,2020/11/03,児島,01R,朝得ガァ〜コ,1800,晴,南東,1,3,差し,2,1590,2,160,1,100,2-1,2990,7,1-2,240,1,1-2,110,2,2-3,160,4,1-3,100,1,2-1-3,8320,20,1-2-3,300,1,1,2,4054,福 嶋 智 之,68,22,6.73,2,0.12,108.7,2,1,3331,新 美 恵 一,55,70,6.7,1,0.06,109.9,3,3,4247,齊 藤 優,57,44,6.76,3,0.12,111.2,4,4,4394,永 嶋 裕 一,26,25,6.8,4,0.13,112.8,5,6,5134,大 原 祥 昌,40,31,6.77,6,0.18,,6,5,3753,河 上 哲 也,47,73,6.83,5,0.17,
202011031602,第３６回倉敷市長杯,第1日,2020/11/03,児島,02R,予選,1800,晴,南西,3,3,逃げ,1,200,1,130,2,260,1-2,470,3,1-2,410,3,1-2,170,3,1-6,620,7,2-6,2130,10,1-2-6,3500,12,1-2-6,2070,6,1,1,3890,小 宮 淳 史,64,26,6.76,1,0.22,110.3,2,2,5037,田 頭 虎 親,66,56,6.73,2,0.25,111.0,3,6,3948,大 町 利 克,54,23,6.79,5,0.23,112.4,4,4,4315,山 崎 昂 介,13,43,6.65,4,0.23,113.8,5,3,4681,太 田 潮,29,63,6.75,3,0.21,,6,5,5102,原 田 雄 次,22,14,6.83,6,0.22,
202011031603,第３６回倉敷市長杯,第1日,2020/11/03,児島,03R,予選,1800,晴,南西,1,3,差し,3,210,3,330,4,970,3-4,4220,10,3-4,1350,5,3-4,1090,9,3-6,500,7,4-6,2120,10,3-4-6,11000,30,3-4-6,3220,10,1,3,3300,川 崎 智 幸,58,54,6.72,3,0.19,107.8,2,4,3967,鈴 木 茂 高,27,48,6.79,4,0.22,110.5,3,6,3555,野 添 貴 裕,25,72,6.74,6,0.26,112.2,4,5,2935,幸 本 誠,28,71,6.77,5,0.27,113.0,5,1,3710,吉 永 泰 弘,35,18,6.63,1,0.21,,6,2,4553,坪 口 竜 也,46,66,6.71,2,0.29,
202011031604,第３６回倉敷市長杯,第1日,2020/11/03,児島,04R,予選,1800,晴,北西,4,3,差し,6,350,6,320,1,210,6-1,2090,10,1-6,850,5,1-6,500,9,2-6,210,3,1-2,180,2,6-1-2,3200,14,1-2-6,500,2,1,6,3920,正 木 聖 賢,34,45,6.76,2,0.19,109.1,2,1,4176,樋 口 喜 彦,59,33,6.7,1,0.15,110.7,3,2,4931,木 谷 賢 太,48,29,6.65,3,0.32,112.5,4,4,3592,橋 本 健 造,70,38,6.64,5,0.17,112.6,5,3,3527,中 嶋 誠一郎,41,60,6.69,4,0.23,,6,5,5064,品 川 二千翔,60,42,6.68,6,0.25,
202011031605,第３６回倉敷市長杯,第1日,2020/11/03,児島,05R,日替艇食戦,1800,晴,南西,3,3,逃げ,1,110,1,100,6,160,1-6,550,3,1-6,350,2,1-6,100,1,1-2,150,2,2-6,530,8,1-6-2,1530,6,1-2-6,400,2,1,1,3975,小野寺 智 洋,39,47,6.6,1,0.16,107.9,2,6,4063,市 橋 卓 士,36,51,6.76,6,0.21,111.3,3,2,4396,大 田 直 弥,62,24,6.71,2,0.24,111.3,4,3,3922,菅 沼 佳 昭,44,32,6.71,3,0.17,112.0,5,5,4986,西 山 祐 希,23,39,6.76,5,0.22,,6,4,3747,國 崎 良 春,61,35,6.72,4,0.18,
202011031606,第３６回倉敷市長杯,第1日,2020/11/03,児島,06R,昼得クラリス,1800,晴,南西,4,3,逃げ,1,110,1,100,3,100,1-3,210,1,1-3,200,1,1-3,110,1,1-2,120,2,2-3,160,3,1-3-2,400,2,1-2-3,140,1,1,1,3872,岡 田 憲 行,53,15,6.77,1,0.2,108.1,2,3,4292,麻 生 慎 介,15,61,6.71,3,0.18,110.6,3,2,3955,眞 田 英 二,38,65,6.8,2,0.21,112.2,4,5,3709,田 中 浩 之,19,55,6.78,5,0.19,113.0,5,6,5033,藤 原 孝 斗,63,12,6.71,6,0.08,,6,4,3753,河 上 哲 也,47,73,6.75,4,0.17,
202011031607,第３６回倉敷市長杯,第1日,2020/11/03,児島,07R,予選,1800,晴,北西,3,3,まくり,3,520,3,480,2,140,3-2,3970,15,2-3,2010,8,2-3,640,12,3-5,350,6,2-5,270,5,3-2-5,11520,41,2-3-5,1850,7,1,3,4453,永 田 郁 弥,67,37,6.78,4,0.15,110.4,2,2,3832,下 田 哲 也,51,67,6.8,3,0.24,111.6,3,5,3933,山 地 正 樹,12,52,6.72,2,0.17,112.2,4,1,4394,永 嶋 裕 一,26,25,6.77,1,0.15,114.6,5,6,4173,岡 谷 健 吾,16,11,6.79,6,0.23,,6,4,3948,大 町 利 克,54,23,6.83,5,0.23,
202011031608,第３６回倉敷市長杯,第1日,2020/11/03,児島,08R,予選,1800,晴,南西,2,3,差し,2,200,2,100,1,100,2-1,440,2,1-2,230,1,1-2,130,1,2-3,180,2,1-3,200,3,2-1-3,1150,3,1-2-3,360,1,1,2,3743,林 美 憲,33,34,6.75,2,0.17,109.6,2,1,3967,鈴 木 茂 高,27,48,6.85,1,0.18,110.5,3,3,3890,小 宮 淳 史,64,26,6.78,3,0.16,111.8,4,5,4959,井 上 忠 政,43,19,6.81,5,0.17,111.9,5,6,3615,横 田 茂,52,30,6.78,6,0.19,,6,4,4176,樋 口 喜 彦,59,33,6.85,4,0.14,
202011031609,第３６回倉敷市長杯,第1日,2020/11/03,児島,09R,予選特賞  進入固定,1800,晴,北西,2,3,逃げ,1,160,1,110,2,430,1-2,380,2,1-2,240,1,1-2,230,2,1-3,230,3,2-3,520,8,1-2-3,2140,9,1-2-3,900,4,1,1,3527,中 嶋 誠一郎,41,60,6.75,1,0.11,109.3,2,2,3710,吉 永 泰 弘,35,18,6.78,2,0.13,110.7,3,3,4054,福 嶋 智 之,68,22,6.74,3,0.12,113.4,4,5,4396,大 田 直 弥,62,24,6.67,5,0.12,113.5,5,4,3828,明 石 正 之,18,69,6.71,4,0.1,,6,6,5102,原 田 雄 次,22,14,6.81,6,0.06,
202011031610,第３６回倉敷市長杯,第1日,2020/11/03,児島,10R,予選特賞,1800,晴,北西,1,3,まくり,6,1920,6,1160,4,1160,6-4,42960,30,4-6,19460,15,4-6,5370,15,3-6,230,3,3-4,1840,13,6-4-3,131360,112,3-4-6,9030,15,1,6,4931,木 谷 賢 太,48,29,6.72,6,0.12,107.9,2,4,4681,太 田 潮,29,63,6.79,4,0.15,110.3,3,3,3555,野 添 貴 裕,25,72,6.72,3,0.29,112.2,4,5,4247,齊 藤 優,57,44,6.75,5,0.14,113.8,5,2,3747,國 崎 良 春,61,35,6.74,2,0.24,,6,1,4292,麻 生 慎 介,15,61,6.8,1,0.24,
202011031611,第３６回倉敷市長杯,第1日,2020/11/03,児島,11R,予選特選,1800,晴,北西,4,3,逃げ,1,130,1,100,2,140,1-2,400,2,1-2,140,1,1-2,100,1,1-5,100,2,2-5,370,7,1-2-5,1050,5,1-2-5,490,3,1,1,3300,川 崎 智 幸,58,54,6.7,1,0.12,107.4,2,2,4173,岡 谷 健 吾,16,11,6.7,2,0.15,109.3,3,5,3975,小野寺 智 洋,39,47,6.66,5,0.21,109.9,4,4,3955,眞 田 英 二,38,65,6.75,4,0.22,111.5,5,3,3331,新 美 恵 一,55,70,6.77,3,0.16,,6,6,4315,山 崎 昂 介,13,43,6.68,6,0.3,
202011031612,第３６回倉敷市長杯,第1日,2020/11/03,児島,12R,倉敷選抜,1800,晴,北西,9,7,逃げ,1,110,1,100,4,130,1-4,490,3,1-4,310,2,1-4,150,2,1-3,180,3,3-4,520,7,1-4-3,1650,7,1-3-4,620,3,1,1,3933,山 地 正 樹,12,52,6.67,1,0.11,110.7,2,4,3743,林 美 憲,33,34,6.71,4,0.15,112.3,3,3,3920,正 木 聖 賢,34,45,6.79,3,0.13,113.3,4,2,4063,市 橋 卓 士,36,51,6.76,2,0.15,113.7,5,5,3872,岡 田 憲 行,53,15,6.73,5,0.14,,6,6,3828,明 石 正 之,18,69,6.7,6,0.17,
202011031301,第１８回ダイスポスワンカップ,第4日,2020/11/03,尼崎,01R,朝からセンプ,1800,晴,北西,2,0,逃げ,1,470,1,240,3,290,1-3,1850,8,1-3,1300,5,1-3,310,5,1-5,1050,11,3-5,380,7,1-3-5,9120,38,1-3-5,3580,12,1,1,3551,藤 田 美 代,44,17,6.68,1,0.16,109.1,2,3,3519,冨 田 秀 幸,23,48,6.71,3,0.24,111.5,3,5,2841,吉 田 稔,7,30,6.74,5,0.22,112.9,4,4,4025,山 本 隆 幸,42,54,6.72,4,0.25,112.9,5,2,3714,梶 原 正,29,63,6.81,2,0.17,114.5,6,6,4909,薮 内 瑞 希,41,56,6.74,6,0.18,115.9
202011031302,第１８回ダイスポスワンカップ,第4日,2020/11/03,尼崎,02R,一般,1800,晴,南西,5,3,差し,3,120,3,110,5,750,3-5,1700,8,3-5,2020,7,3-5,530,8,3-4,220,3,4-5,510,7,3-5-4,7440,25,3-4-5,1490,7,1,3,3532,柴 田 光,55,43,6.7,3,0.19,109.1,2,5,4782,浜 崎 準 也,57,14,6.81,5,0.18,112.3,3,4,3233,小 畑 実 成,25,65,6.7,4,0.19,113.2,4,2,4877,鈴 谷 一 平,49,24,6.77,2,0.22,115.0,5,1,4126,吉 本 玲 緒,31,46,6.72,1,0.24,115.9,6,6,5117,冨名腰 桃 奈,47,69,6.73,6,0.23,116.2
202011031303,第１８回ダイスポスワンカップ,第4日,2020/11/03,尼崎,03R,一般,1800,晴,南,3,0,まくり,2,230,2,110,6,200,2-6,640,2,2-6,420,2,2-6,190,1,2-4,500,8,4-6,750,10,2-6-4,4270,14,2-4-6,1880,8,1,2,4053,芦 澤 望,17,42,6.6,2,0.23,110.0,2,6,4239,竹 田 辰 也,8,35,6.6,6,0.13,110.9,3,4,4181,花 本 夏 樹,61,33,6.64,4,0.19,112.9,4,1,4332,村 上 彰 一,50,71,6.72,1,0.29,113.5,5,5,3853,岩 崎 正 哉,34,59,6.7,5,0.17,114.2,6,3,5003,来 田 衣 織,10,68,6.73,3,0.15,116.0
202011031304,第１８回ダイスポスワンカップ,第4日,2020/11/03,尼崎,04R,一般,1800,晴,南西,3,0,差し,3,2980,3,710,5,280,3-5,3310,15,3-5,2430,11,3-5,560,9,1-3,700,10,1-5,350,5,3-5-1,21440,68,1-3-5,1800,9,1,3,4059,入 澤 友 治,30,34,6.73,3,0.17,109.4,2,5,3576,白 水 勝 也,40,20,6.65,5,0.18,110.6,3,1,3879,中 村 格,11,37,6.64,1,0.22,111.9,4,4,3898,平 田 忠 則,6,64,6.73,4,0.13,112.0,5,2,3289,高 橋 淳 美,21,50,6.64,2,0.23,114.1,6,6,4748,渡 邉 雄 朗,35,51,6.6,6,0.19,120.6
202011031305,第１８回ダイスポスワンカップ,第4日,2020/11/03,尼崎,05R,一般,1800,晴,南,2,0,逃げ,1,150,1,120,2,180,1-2,470,1,1-2,200,1,1-2,220,2,1-3,570,11,2-3,350,6,1-2-3,1820,3,1-2-3,870,4,1,1,3925,大 田 誠,18,39,6.69,1,0.13,108.8,2,2,4509,平 見 真 彦,9,26,6.65,2,0.17,110.3,3,3,3578,塩 田 雄 一,38,53,6.68,3,0.16,111.8,4,6,4030,森 高 一 真,16,49,6.7,6,0.15,112.2,5,4,4098,赤 澤 文 香,58,16,6.66,4,0.18,113.8,6,5,3815,森 岡 満 郎,28,31,6.72,5,0.21,116.9
202011031306,第１８回ダイスポスワンカップ,第4日,2020/11/03,尼崎,06R,昼どきピンク,1800,晴,西,4,0,差し,6,1470,6,490,1,130,6-1,8920,15,1-6,920,5,1-6,370,6,3-6,1530,14,1-3,230,3,6-1-3,40070,59,1-3-6,2530,9,1,6,4126,吉 本 玲 緒,31,18,6.66,3,0.17,109.2,2,1,4002,古 結 宏,12,60,6.66,1,0.18,110.6,3,3,4368,山 口 隆 史,54,47,6.69,2,0.18,112.0,4,4,4049,荒 川 健 太,13,38,6.7,5,0.21,113.5,5,2,4607,鶴 田 勇 雄,32,57,6.8,4,0.29,113.6,6,5,3519,冨 田 秀 幸,23,48,6.58,6,0.21,114.0
202011031307,第１８回ダイスポスワンカップ,第4日,2020/11/03,尼崎,07R,一般,1800,晴,西,7,5,差し,2,130,2,180,5,580,2-5,960,4,2-5,990,4,2-5,310,4,2-6,1140,11,5-6,3540,14,2-5-6,10950,36,2-5-6,5270,16,1,2,3876,中 辻 崇 人,43,22,6.55,2,0.34,110.3,2,5,4610,佐 藤 大 佑,52,12,6.69,5,0.19,112.6,3,6,4332,村 上 彰 一,50,71,6.66,6,0.19,113.2,4,1,4924,中 北 涼,24,52,6.65,1,0.22,113.2,5,3,4797,中 山 将,53,73,6.56,3,0.26,114.9,6,4,2841,吉 田 稔,7,30,6.69,4,0.26,115.6
202011031308,第１８回ダイスポスワンカップ,第4日,2020/11/03,尼崎,08R,一般,1800,晴,西,3,0,まくり,3,180,3,100,4,130,3-4,420,1,3-4,170,1,3-4,180,4,1-3,320,5,1-4,180,2,3-4-1,2790,9,1-3-4,660,2,1,3,3562,山 下 和 彦,37,44,6.53,3,0.12,109.3,2,4,4366,前 沢 丈 史,22,58,6.68,4,0.23,111.4,3,1,3357,福 島 陽 子,33,55,6.64,1,0.17,112.8,4,2,4782,浜 崎 準 也,57,14,6.67,2,0.16,113.6,5,6,3273,石 田 豪,60,40,6.7,6,0.18,114.9,6,5,3714,梶 原 正,29,63,6.71,5,0.2,116.1
202011031309,第１８回ダイスポスワンカップ,第4日,2020/11/03,尼崎,09R,一般,1800,曇り,西,5,3,差し,4,840,4,210,2,130,4-2,2640,13,2-4,1070,5,2-4,340,5,4-6,2200,14,2-6,1490,13,4-2-6,23400,69,2-4-6,6790,16,1,4,4059,入 澤 友 治,30,34,6.64,4,0.08,109.6,2,2,4272,大 場 広 孝,5,32,6.56,2,0.07,111.1,3,6,3551,藤 田 美 代,44,17,6.57,6,0.12,111.9,4,1,3310,金 澤 一 洋,2,72,6.57,1,0.1,112.5,5,3,3233,小 畑 実 成,25,65,6.54,3,0.08,113.8,6,5,4293,鈴 木 智 啓,59,11,6.71,5,0.11,114.4
202011031310,第１８回ダイスポスワンカップ,第4日,2020/11/03,尼崎,10R,準優勝戦,1800,曇り,南西,4,0,逃げ,1,100,1,100,2,150,1-2,280,1,1-2,270,2,1-2,150,2,1-3,180,3,2-3,260,4,1-2-3,540,1,1-2-3,290,1,1,1,4030,森 高 一 真,16,49,6.63,1,0.08,109.2,2,2,3853,岩 崎 正 哉,34,59,6.65,2,0.07,110.0,3,3,3898,平 田 忠 則,6,64,6.68,3,0.04,110.7,4,6,4049,荒 川 健 太,13,38,6.55,6,0.1,112.0,5,4,4053,芦 澤 望,17,42,6.65,4,0.02,113.0,6,5,4877,鈴 谷 一 平,49,24,6.69,5,0.05,115.4
202011031311,第１８回ダイスポスワンカップ,第4日,2020/11/03,尼崎,11R,準優勝戦,1800,曇り,西,2,0,逃げ,1,150,1,340,3,140,1-3,420,2,1-3,380,2,1-3,170,3,1-2,130,1,2-3,250,4,1-3-2,970,3,1-2-3,210,1,1,1,4748,渡 邉 雄 朗,35,51,6.57,1,0.16,109.2,2,3,4025,山 本 隆 幸,42,54,6.64,3,0.12,110.5,3,2,3532,柴 田 光,55,43,6.67,2,0.15,111.9,4,6,4509,平 見 真 彦,9,26,6.71,6,0.21,113.5,5,4,3576,白 水 勝 也,40,20,6.65,4,0.17,113.8,6,5,3876,中 辻 崇 人,43,22,6.6,5,0.15,114.5
202011031312,第１８回ダイスポスワンカップ,第4日,2020/11/03,尼崎,12R,準優勝戦,1800,曇り,西,4,0,逃げ,1,100,1,110,2,130,1-2,180,1,1-2,160,1,1-2,150,2,1-5,770,7,2-5,1320,10,1-2-5,2760,7,1-2-5,2250,5,1,1,4239,竹 田 辰 也,8,35,6.55,1,0.15,109.3,2,2,4002,古 結 宏,12,60,6.66,2,0.16,110.1,3,5,3578,塩 田 雄 一,38,53,6.73,5,0.2,111.7,4,3,4366,前 沢 丈 史,22,58,6.69,3,0.11,112.8,5,4,3562,山 下 和 彦,37,44,6.6,4,0.09,114.4,6,6,4924,中 北 涼,24,52,6.79,6,0.19,115.3
202011030801,開設６７周年記念競走トコタンキング決定戦,第1日,2020/11/03,常滑,01R,予選,1800,晴,北西,3,2,逃げ,1,170,1,110,2,100,1-2,250,1,1-2,160,1,1-2,110,1,1-4,160,2,2-4,230,4,1-2-4,740,1,1-2-4,300,1,1,1,4308,河 村 了,20,63,6.71,1,0.17,109.4,2,2,4418,茅 原 悠 紀,11,46,6.69,2,0.28,110.2,3,4,3909,佐々木 康 幸,44,71,6.71,5,0.17,112.4,4,3,4446,和 田 兼 輔,30,39,6.78,4,0.16,113.1,5,5,4760,山 崎 郡,49,75,6.8,3,0.27,,6,6,4808,松 尾 拓,46,30,6.74,6,0.16,
202011030802,開設６７周年記念競走トコタンキング決定戦,第1日,2020/11/03,常滑,02R,予選,1800,晴,北西,3,2,差し,2,360,2,180,1,120,2-1,910,3,1-2,300,1,1-2,190,2,2-5,360,5,1-5,400,7,2-1-5,5540,23,1-2-5,1240,8,1,2,4174,赤 坂 俊 輔,31,73,6.68,2,0.1,109.8,2,1,4488,小 山 勉,13,14,6.7,1,0.07,111.2,3,5,4227,安 達 裕 樹,29,17,6.75,5,0.22,112.9,4,6,3557,太 田 和 美,38,15,6.7,6,0.22,113.6,5,4,4189,川 上 剛,48,35,6.74,4,0.19,,6,3,4604,岩 瀬 裕 亮,51,58,6.69,3,0.15,
202011030803,開設６７周年記念競走トコタンキング決定戦,第1日,2020/11/03,常滑,03R,予選,1800,晴,北西,3,2,逃げ,1,100,1,110,2,140,1-2,240,1,1-2,200,1,1-2,130,1,1-3,140,2,2-3,250,5,1-2-3,700,1,1-2-3,330,1,1,1,4013,中 島 孝 平,55,56,6.77,1,0.17,109.3,2,2,4337,平 本 真 之,22,55,6.74,2,0.13,109.9,3,3,3795,金 子 龍 介,8,13,6.74,3,0.1,111.7,4,4,4584,村 岡 賢 人,43,11,6.72,4,0.12,112.6,5,6,4910,中 村 泰 平,18,61,6.68,6,0.21,,6,5,4524,深 谷 知 博,5,22,6.77,5,0.16,
202011030804,開設６７周年記念競走トコタンキング決定戦,第1日,2020/11/03,常滑,04R,予選,1800,晴,北西,4,3,差し,2,350,2,140,1,100,2-1,620,3,1-2,230,1,1-2,170,2,2-4,340,6,1-4,190,3,2-1-4,2170,6,1-2-4,610,2,1,2,4586,磯 部 誠,35,34,6.66,2,0.13,109.2,2,1,4256,渡 辺 浩 司,27,52,6.71,1,0.12,110.6,3,4,3978,齊 藤 仁,40,53,6.72,4,0.18,112.0,4,3,4033,伊 藤 将 吉,54,42,6.74,3,0.18,112.7,5,5,4320,峰 竜 太,28,12,6.76,5,0.19,,6,6,4659,木 下 翔 太,23,36,6.75,6,0.21,
202011030805,開設６７周年記念競走トコタンキング決定戦,第1日,2020/11/03,常滑,05R,予選,1800,晴,西,4,3,差し,3,950,3,290,2,150,3-2,4970,20,2-3,1870,9,2-3,550,10,3-4,540,9,2-4,440,7,3-2-4,18580,70,2-3-4,1930,11,1,3,4427,秦 英 悟,50,59,6.71,3,0.15,109.5,2,2,4074,柳 沢 一,26,21,6.72,2,0.11,110.6,3,4,4236,松 村 敏,12,18,6.69,4,0.14,112.1,4,5,3388,今 垣 光太郎,37,23,6.68,5,0.25,113.7,5,6,4682,大 上 卓 人,15,44,6.77,6,0.24,,6,1,3613,角 谷 健 吾,21,50,6.73,1,0.18,
202011030806,開設６７周年記念競走トコタンキング決定戦,第1日,2020/11/03,常滑,06R,予選,1800,晴,西,3,2,逃げ,1,130,1,100,2,100,1-2,350,1,1-2,280,1,1-2,170,2,1-5,160,1,2-5,320,6,1-2-5,1040,1,1-2-5,460,1,1,1,4573,佐 藤 翼,7,26,6.68,1,0.13,109.0,2,2,4604,岩 瀬 裕 亮,51,58,6.75,2,0.13,110.0,3,5,4024,井 口 佳 典,2,41,6.62,3,0.19,112.3,4,3,3654,武 田 光 史,34,69,6.69,4,0.23,114.3,5,6,4688,永 井 彪 也,47,40,6.68,6,0.19,,6,4,3284,渡 邊 伸太郎,17,68,6.65,5,0.21,
202011030807,開設６７周年記念競走トコタンキング決定戦,第1日,2020/11/03,常滑,07R,予選,1800,晴,北西,3,2,差し,4,890,4,220,1,120,4-1,1690,5,1-4,350,2,1-4,130,2,2-4,200,4,1-2,120,1,4-1-2,4490,15,1-2-4,220,1,1,4,3557,太 田 和 美,38,15,6.71,3,0.15,109.6,2,1,3795,金 子 龍 介,8,13,6.7,1,0.19,110.3,3,2,3946,赤 岩 善 生,25,28,6.69,2,0.15,111.9,4,6,4856,豊 田 健士郎,56,70,6.66,6,0.13,113.6,5,5,3944,山 口 裕 二,60,74,6.75,5,0.14,,6,3,4441,末 永 由 楽,57,33,6.73,4,0.13,
202011030808,開設６７周年記念競走トコタンキング決定戦,第1日,2020/11/03,常滑,08R,予選,1800,晴,西,3,2,逃げ,1,200,1,110,2,490,1-2,790,3,1-2,630,2,1-2,190,3,1-3,120,1,2-3,270,6,1-2-3,1280,5,1-2-3,310,1,1,1,4760,山 崎 郡,49,75,6.71,1,0.13,110.0,2,2,4227,安 達 裕 樹,29,17,6.73,2,0.09,110.6,3,3,4320,峰 竜 太,28,12,6.72,3,0.08,112.1,4,5,4084,杉 山 正 樹,53,67,6.74,5,0.19,113.1,5,4,4287,今 井 貴 士,42,38,6.74,4,0.1,,6,6,4584,村 岡 賢 人,43,11,6.72,6,0.18,
202011030809,開設６７周年記念競走トコタンキング決定戦,第1日,2020/11/03,常滑,09R,予選,1800,晴,北西,3,2,逃げ,1,150,1,130,3,100,1-3,460,1,1-3,440,2,1-3,200,2,1-5,690,11,3-5,580,9,1-3-5,4340,18,1-3-5,1620,7,1,1,4524,深 谷 知 博,5,22,6.78,1,0.1,108.9,2,3,3388,今 垣 光太郎,37,23,6.68,3,0.16,111.6,3,5,4472,尾 嶋 一 広,45,65,6.74,5,0.22,112.5,4,4,4586,磯 部 誠,35,34,6.62,4,0.12,112.5,5,2,4808,松 尾 拓,46,30,6.72,2,0.13,,6,6,4364,池 永 太,10,72,6.71,6,0.23,
202011030810,開設６７周年記念競走トコタンキング決定戦,第1日,2020/11/03,常滑,10R,予選,1800,晴,北西,2,1,逃げ,1,120,1,100,2,300,1-2,260,1,1-2,230,1,1-2,130,1,1-4,140,2,2-4,410,6,1-2-4,720,1,1-2-4,420,1,1,1,4337,平 本 真 之,22,55,6.7,1,0.08,108.9,2,2,3983,須 藤 博 倫,58,47,6.73,2,0.07,110.2,3,4,4174,赤 坂 俊 輔,31,73,6.7,4,0.09,111.0,4,3,4688,永 井 彪 也,47,40,6.74,3,0.07,112.0,5,6,4236,松 村 敏,12,18,6.73,5,0.07,,6,5,4294,古 賀 繁 輝,33,54,6.75,6,0.07,
202011030811,開設６７周年記念競走トコタンキング決定戦,第1日,2020/11/03,常滑,11R,１ｓｔドリー,1800,晴,北西,2,1,逃げ,1,110,1,100,2,220,1-2,290,2,1-2,240,2,1-2,160,3,1-4,150,2,2-4,320,6,1-2-4,840,4,1-2-4,510,3,1,1,4024,井 口 佳 典,2,41,6.69,1,0.23,109.2,2,2,3978,齊 藤 仁,40,53,6.71,2,0.24,110.0,3,4,3946,赤 岩 善 生,25,28,6.73,4,0.19,112.1,4,3,4418,茅 原 悠 紀,11,46,6.79,3,0.22,113.5,5,5,4155,長 野 壮志郎,6,57,6.76,5,0.22,,6,6,4427,秦 英 悟,50,59,6.75,6,0.22,
202011030601,中日スポーツ　ゴールドカップ,第5日,2020/11/03,浜名湖,01R,一般,1800,晴,北西,4,2,差し,5,1030,5,300,4,460,5-4,21420,30,4-5,3200,9,4-5,2310,15,5-6,820,13,4-6,910,14,5-4-6,31730,75,4-5-6,4920,18,1,5,4404,岸 蔭 亮,41,64,6.88,5,0.21,111.2,2,4,4246,喜 多 那由夏,23,56,6.84,4,0.2,111.9,3,6,4575,戸 塚 邦 好,5,13,6.84,6,0.17,113.7,4,3,3419,栗 原 謙 治,50,57,6.85,3,0.3,114.5,5,2,4041,小 林 基 樹,1,58,6.86,2,0.28,,6,1,4989,石 原 翼,28,69,6.81,1,0.24,
202011030602,中日スポーツ　ゴールドカップ,第5日,2020/11/03,浜名湖,02R,一般,1800,晴,北西,5,3,差し,2,190,2,330,6,930,2-6,710,3,2-6,880,4,2-6,150,1,1-2,160,2,1-6,350,7,2-6-1,3180,11,1-2-6,440,2,1,2,3022,西 山 昇 一,29,37,6.78,2,0.21,111.0,2,6,4131,原 豊 土,20,25,6.76,5,0.18,112.1,3,1,3863,海老澤 泰 行,9,17,6.83,1,0.1,113.8,4,5,3875,廣 中 良 一,45,53,6.77,4,0.15,114.3,5,4,4728,山 口 亮,63,39,6.76,6,0.18,,6,3,4105,松 下 直 也,10,34,6.78,3,0.19,
202011030603,中日スポーツ　ゴールドカップ,第5日,2020/11/03,浜名湖,03R,一般,1800,晴,北西,5,3,差し,4,230,4,100,1,120,4-1,550,2,1-4,310,2,1-4,200,3,3-4,150,1,1-3,180,2,4-1-3,2360,9,1-3-4,220,1,1,4,4492,本 多 宏 和,22,62,6.76,5,0.14,110.8,2,1,4637,中 田 友 也,19,51,6.77,1,0.14,112.1,3,3,4754,松 尾 充,51,30,6.74,4,0.17,113.6,4,6,3066,田 中 定 雄,11,65,6.75,3,0.26,114.1,5,2,5094,生 田 波美音,36,24,6.78,2,0.21,,6,5,4598,加 藤 政 彦,18,28,6.75,6,0.16,
202011030604,中日スポーツ　ゴールドカップ,第5日,2020/11/03,浜名湖,04R,ランチタイム,1800,晴,北西,5,3,,4,1890,4,480,5,1170,4-5,11200,19,4-5,4540,10,4-5,550,9,1-4,210,4,1-5,310,5,4-5-1,20890,38,1-4-5,2110,6,1,4,4110,小 澤 和 也,61,18,6.87,4,0.13,110.8,2,5,3202,三 品 隆 浩,13,29,6.91,5,0.13,112.8,3,1,4190,長 嶋 万 記,52,52,6.83,1,0.15,113.6,4,2,4245,高 橋 直 哉,57,11,6.83,2,0.25,114.8,5,3,5002,上 田 健 太,48,16,6.74,3,0.26,,6,6,4984,森 下 愛 梨,24,22,6.84,6,0.11,
202011030605,中日スポーツ　ゴールドカップ,第5日,2020/11/03,浜名湖,05R,一般,1800,晴,北西,5,3,差し,3,900,3,160,1,150,3-1,4370,16,1-3,1170,6,1-3,300,6,3-4,400,8,1-4,190,3,3-1-4,15620,48,1-3-4,740,5,1,3,4119,泥 谷 一 毅,7,27,6.84,3,0.14,111.6,2,1,4404,岸 蔭 亮,41,64,6.93,1,0.18,112.7,3,4,4118,宇佐見 淳,26,48,6.89,4,0.13,113.1,4,2,4043,桐 本 康 臣,30,55,6.82,2,0.17,115.0,5,5,3629,浅 見 昌 克,4,41,6.89,5,0.21,,6,6,5116,金 子 七 海,34,12,6.87,6,0.23,
202011030606,中日スポーツ　ゴールドカップ,第5日,2020/11/03,浜名湖,06R,一般,1800,晴,北西,6,3,差し,2,350,2,140,4,120,2-4,740,3,2-4,260,2,2-4,230,3,1-2,170,2,1-4,550,10,2-4-1,5910,21,1-2-4,790,2,1,2,4470,平 田 健之佑,65,50,6.87,3,0.15,110.5,2,4,3563,堤 昇,3,32,6.81,1,0.15,112.1,3,1,3419,栗 原 謙 治,50,57,6.88,2,0.17,113.7,4,6,4073,大 橋 純一郎,53,14,6.78,6,0.17,114.4,5,5,4788,小 池 哲 也,44,20,6.85,4,0.13,,6,3,4107,吉 村 茂 樹,12,23,6.87,5,0.14,
202011030607,中日スポーツ　ゴールドカップ,第5日,2020/11/03,浜名湖,07R,ブレイクタイ,1800,晴,北西,6,3,まくり,4,320,4,130,1,100,4-1,640,3,1-4,180,1,1-4,130,1,2-4,250,5,1-2,170,2,4-1-2,2380,8,1-2-4,290,1,1,4,3813,佐 藤 大 介,16,45,6.99,4,0.14,111.1,2,1,4086,寺 本 重 宣,55,73,6.92,1,0.2,112.6,3,2,3066,田 中 定 雄,11,65,6.85,2,0.25,113.4,4,6,3653,品 川 賢 次,31,46,6.93,6,0.14,113.8,5,5,4989,石 原 翼,28,69,6.88,5,0.12,,6,3,4728,山 口 亮,63,39,6.92,3,0.17,
202011030608,中日スポーツ　ゴールドカップ,第5日,2020/11/03,浜名湖,08R,一般,1800,晴,北西,6,3,逃げ,1,160,1,100,2,260,1-2,380,1,1-2,240,1,1-2,130,1,1-6,160,2,2-6,560,10,1-2-6,1070,2,1-2-6,550,2,1,1,3412,鈴 木 博,15,40,6.85,1,0.21,110.4,2,2,4676,後 藤 隼 之,66,49,7.0,2,0.2,112.3,3,6,4042,丸 岡 正 典,59,15,6.84,6,0.28,112.6,4,5,4637,中 田 友 也,19,51,6.81,5,0.2,114.5,5,4,4710,福 田 宗 平,21,61,6.9,4,0.16,,6,3,3202,三 品 隆 浩,13,29,6.9,3,0.18,
202011030609,中日スポーツ　ゴールドカップ,第5日,2020/11/03,浜名湖,09R,一般,1800,晴,北西,6,3,差し,2,340,2,180,3,200,2-3,1700,6,2-3,960,4,2-3,310,6,1-2,220,2,1-3,250,4,2-3-1,4020,12,1-2-3,460,2,1,2,4891,寺 島 美 里,38,66,6.81,2,0.12,110.6,2,3,4984,森 下 愛 梨,24,22,6.85,3,0.11,112.4,3,1,4246,喜 多 那由夏,23,56,6.84,1,0.12,114.2,4,6,5094,生 田 波美音,36,24,6.82,6,0.22,115.8,5,4,5116,金 子 七 海,34,12,6.88,4,0.13,,6,5,4689,豊 田 結,27,67,6.94,5,0.15,
202011030610,中日スポーツ　ゴールドカップ,第5日,2020/11/03,浜名湖,10R,準優勝戦,1800,晴,北西,5,3,逃げ,1,160,1,140,2,260,1-2,270,1,1-2,170,1,1-2,190,2,1-6,630,11,2-6,570,10,1-2-6,2350,9,1-2-6,1340,5,1,1,3563,堤 昇,3,32,6.84,1,0.17,110.7,2,2,4131,原 豊 土,20,25,6.82,2,0.14,111.9,3,6,4190,長 嶋 万 記,52,52,6.85,6,0.19,112.5,4,3,4598,加 藤 政 彦,18,28,6.83,3,0.15,114.6,5,4,4105,松 下 直 也,10,34,6.91,4,0.22,,6,5,4043,桐 本 康 臣,30,55,6.92,5,0.19,
202011030611,中日スポーツ　ゴールドカップ,第5日,2020/11/03,浜名湖,11R,準優勝戦,1800,晴,北西,5,3,逃げ,1,110,1,100,4,240,1-4,450,3,1-4,400,3,1-4,170,3,1-3,170,2,3-4,310,5,1-4-3,1290,5,1-3-4,420,3,1,1,4492,本 多 宏 和,22,62,6.85,1,0.06,109.6,2,4,4470,平 田 健之佑,65,50,6.86,4,0.15,110.6,3,3,3813,佐 藤 大 介,16,45,6.89,3,0.13,112.1,4,5,5002,上 田 健 太,48,16,6.77,5,0.18,113.0,5,2,3629,浅 見 昌 克,4,41,6.87,2,0.12,,6,6,3022,西 山 昇 一,29,37,6.88,6,0.23,
202011030612,中日スポーツ　ゴールドカップ,第5日,2020/11/03,浜名湖,12R,準優勝戦,1800,晴,北西,5,3,逃げ,1,120,1,100,2,270,1-2,290,1,1-2,230,1,1-2,130,2,1-3,110,1,2-3,270,6,1-2-3,530,1,1-2-3,250,1,1,1,4073,大 橋 純一郎,53,14,6.75,1,0.19,109.3,2,2,4118,宇佐見 淳,26,48,6.8,2,0.11,110.9,3,3,4042,丸 岡 正 典,59,15,6.74,3,0.17,111.5,4,4,4086,寺 本 重 宣,55,73,6.8,4,0.08,112.9,5,6,4245,高 橋 直 哉,57,11,6.82,6,0.16,,6,5,4754,松 尾 充,51,30,6.76,5,0.09,
202011030501,オールレディースリップルカップ,第5日,2020/11/03,多摩川,01R,まつりだｏｎ,1800,曇り,北西,1,2,まくり,4,320,4,160,2,250,4-2,2920,10,2-4,1460,6,2-4,300,5,4-5,220,4,2-5,410,6,4-2-5,5720,19,2-4-5,1090,4,1,4,4804,高 田 ひかる,27,52,6.74,4,0.1,109.0,2,2,4300,加 藤 綾,15,42,6.76,2,0.13,110.8,3,5,4208,三 浦 永 理,61,73,6.74,5,0.16,112.6,4,1,4286,平 田 さやか,20,31,6.7,1,0.12,114.0,5,3,4720,西 澤 日花里,62,75,6.85,3,0.16,,6,6,5129,山 口 真喜子,34,59,6.86,6,0.27,
202011030502,オールレディースリップルカップ,第5日,2020/11/03,多摩川,02R,一般,1800,曇り,北,1,2,差し,3,330,3,100,2,130,3-2,660,3,2-3,340,2,2-3,180,2,3-6,470,8,2-6,1260,14,3-2-6,6390,22,2-3-6,2530,9,1,3,4011,堀之内 紀代子,74,38,6.78,3,0.22,109.7,2,2,4349,犬 童 千 秋,19,68,6.77,2,0.26,110.6,3,6,4900,中 田 夕 貴,31,32,6.74,6,0.23,112.1,4,4,4313,西 村 美智子,21,43,6.72,4,0.34,112.4,5,5,3618,海 野 ゆかり,71,56,6.9,5,0.31,,6,1,4990,田 中 博 子,37,70,6.83,1,0.27,
202011030503,オールレディースリップルカップ,第5日,2020/11/03,多摩川,03R,一般,1800,曇り,北東,2,2,逃げ,1,120,1,100,2,150,1-2,240,1,1-2,170,1,1-2,110,1,1-4,130,2,2-4,180,4,1-2-4,540,1,1-2-4,250,1,1,1,4519,清 水 沙 樹,44,29,6.68,1,0.14,109.1,2,2,3334,角 ひとみ,65,64,6.79,2,0.12,111.5,3,4,3801,五反田 忍,56,58,6.72,4,0.07,112.5,4,5,4224,大 橋 栄里佳,46,57,6.72,5,0.09,114.0,5,6,4767,米 井 里 実,24,50,6.87,6,0.09,,6,3,4853,前 原 哉,70,23,6.82,3,0.09,
202011030504,オールレディースリップルカップ,第5日,2020/11/03,多摩川,04R,一般,1800,曇り,北東,2,2,まくり,2,280,2,180,5,460,2-5,2660,11,2-5,1790,9,2-5,380,8,2-3,190,1,3-5,230,4,2-5-3,8220,33,2-3-5,870,3,1,2,4065,金 田 幸 子,32,78,6.83,2,0.17,109.0,2,5,4017,向 井 美 鈴,12,62,6.88,5,0.17,110.6,3,3,4589,塩 崎 桐 加,41,47,6.81,3,0.16,113.2,4,1,4923,末 武 里奈子,18,80,6.8,1,0.18,115.2,5,4,3470,新 田 芳 美,13,55,6.82,4,0.16,,6,6,4183,宇 野 弥 生,49,49,6.78,6,0.11,
202011030505,オールレディースリップルカップ,第5日,2020/11/03,多摩川,05R,一般,1800,晴,北東,2,2,逃げ,1,350,1,100,4,120,1-4,270,1,1-4,160,1,1-4,120,1,1-3,210,4,3-4,300,6,1-4-3,1310,4,1-3-4,550,3,1,1,3232,山 川 美由紀,36,54,6.75,1,0.1,109.6,2,4,3435,寺 田 千 恵,67,46,6.72,4,0.15,110.3,3,3,4791,黒 澤 めぐみ,69,22,6.78,3,0.08,111.7,4,6,4123,細 川 裕 子,38,36,6.82,6,0.17,112.1,5,5,4300,加 藤 綾,15,42,6.84,5,0.13,,6,2,3778,安 達 美 帆,23,76,6.72,2,0.12,
202011030506,オールレディースリップルカップ,第5日,2020/11/03,多摩川,06R,一般,1800,晴,北東,4,2,差し,3,300,3,120,4,320,3-4,2660,12,3-4,1360,7,3-4,340,7,1-3,180,2,1-4,320,6,3-4-1,7610,29,1-3-4,670,3,1,3,4758,富 樫 麗 加,52,27,6.79,3,0.08,110.0,2,4,4900,中 田 夕 貴,31,32,6.82,4,0.09,111.3,3,1,3175,渡 辺 千 草,48,25,6.8,1,0.1,111.3,4,6,3802,森 岡 真 希,54,53,6.86,6,0.24,113.1,5,2,3509,道 上 千 夏,51,33,6.77,2,0.13,,6,5,3611,岩 崎 芳 美,35,34,6.85,5,0.18,
202011030507,オールレディースリップルカップ,第5日,2020/11/03,多摩川,07R,一般,1800,曇り,東,4,2,逃げ,1,210,1,270,3,300,1-3,950,4,1-3,670,4,1-3,280,6,1-2,250,4,2-3,270,5,1-3-2,2830,11,1-2-3,660,3,1,1,4764,小 池 礼 乃,33,39,6.82,1,0.16,109.6,2,3,3618,海 野 ゆかり,71,56,6.92,3,0.15,111.1,3,2,3579,中 里 優 子,43,69,6.87,2,0.11,112.7,4,6,4399,松 本 晶 恵,14,85,6.76,5,0.21,112.9,5,4,3580,水 口 由 紀,11,45,6.87,4,0.22,,6,5,5129,山 口 真喜子,34,59,6.97,6,0.36,
202011030508,オールレディースリップルカップ,第5日,2020/11/03,多摩川,08R,一般,1800,曇り,北東,3,2,逃げ,1,140,1,100,3,120,1-3,180,1,1-3,150,1,1-3,100,1,1-2,170,2,2-3,170,3,1-3-2,390,1,1-2-3,190,1,1,1,4017,向 井 美 鈴,12,62,6.8,1,0.17,110.0,2,3,4286,平 田 さやか,20,31,6.75,3,0.14,111.4,3,2,4170,西 坂 香 松,45,30,6.77,2,0.18,113.3,4,5,4990,田 中 博 子,37,70,6.81,5,0.23,114.3,5,6,4275,菅 野 はやか,42,74,6.75,6,0.26,,6,4,4767,米 井 里 実,24,50,6.88,4,0.24,
202011030509,オールレディースリップルカップ,第5日,2020/11/03,多摩川,09R,ターゲット９,1800,晴,北東,3,2,逃げ,1,100,1,120,3,130,1-3,520,2,1-3,330,2,1-3,170,2,1-5,180,3,3-5,420,8,1-3-5,1550,5,1-3-5,700,4,1,1,3801,五反田 忍,56,58,6.81,1,0.26,109.5,2,3,4882,瀧 川 千 依,26,40,6.71,3,0.25,110.8,3,5,4349,犬 童 千 秋,19,68,6.84,5,0.16,112.8,4,2,3470,新 田 芳 美,13,55,6.87,2,0.27,113.7,5,4,3778,安 達 美 帆,23,76,6.87,4,0.21,,6,6,4400,加 藤 奈 月,64,65,6.94,6,0.29,
202011030510,オールレディースリップルカップ,第5日,2020/11/03,多摩川,10R,準優勝戦,1800,曇り,南東,4,2,差し,2,1580,2,180,1,110,2-1,840,4,1-2,280,1,1-2,160,2,2-4,320,6,1-4,150,1,2-1-4,2170,7,1-2-4,320,1,1,2,4208,三 浦 永 理,61,73,6.85,2,0.17,109.3,2,1,4123,細 川 裕 子,38,36,6.81,1,0.21,110.8,3,4,4589,塩 崎 桐 加,41,47,6.88,4,0.11,112.5,4,3,4313,西 村 美智子,21,43,6.68,3,0.18,112.5,5,5,3334,角 ひとみ,65,64,6.76,5,0.19,,6,6,3175,渡 辺 千 草,48,25,6.81,6,0.29,
202011030511,オールレディースリップルカップ,第5日,2020/11/03,多摩川,11R,準優勝戦,1800,曇り,東,4,2,逃げ,1,130,1,130,2,340,1-2,490,2,1-2,400,2,1-2,250,3,1-5,370,5,2-5,1430,14,1-2-5,3170,11,1-2-5,1920,7,1,1,4183,宇 野 弥 生,49,49,6.82,1,0.16,109.3,2,2,4224,大 橋 栄里佳,46,57,6.81,2,0.21,110.5,3,5,3579,中 里 優 子,43,69,6.82,5,0.16,112.8,4,6,3232,山 川 美由紀,36,54,6.86,6,0.17,113.5,5,4,4758,富 樫 麗 加,52,27,6.88,4,0.17,,6,3,4804,高 田 ひかる,27,52,6.72,3,0.2,
202011030512,オールレディースリップルカップ,第5日,2020/11/03,多摩川,12R,準優勝戦,1800,曇り,南東,4,2,逃げ,1,110,1,100,3,170,1-3,270,1,1-3,260,1,1-3,200,2,1-6,590,6,3-6,730,9,1-3-6,1960,9,1-3-6,1230,5,1,1,4399,松 本 晶 恵,14,85,6.63,1,0.13,108.8,2,3,3435,寺 田 千 恵,67,46,6.75,3,0.14,110.3,3,6,4519,清 水 沙 樹,44,29,6.71,6,0.1,111.9,4,5,4065,金 田 幸 子,32,78,6.83,5,0.16,112.7,5,2,3611,岩 崎 芳 美,35,34,6.78,2,0.13,,6,4,4011,堀之内 紀代子,74,38,6.7,4,0.12,
202011030401,第１９回府中市長杯,第4日,2020/11/03,平和島,01R,一般,1800,曇り,北東,1,3,差し,5,750,5,140,6,560,5-6,2160,9,5-6,1800,7,5-6,410,7,3-5,190,2,3-6,970,9,5-6-3,6770,26,3-5-6,1250,5,1,5,3805,高 橋 英 之,22,25,6.81,4,0.09,111.8,2,6,3565,坂 本 徳 克,63,48,6.83,5,0.22,113.5,3,3,3347,矢 後 剛,41,31,6.9,3,0.1,114.0,4,2,3122,高 山 哲 也,52,20,6.9,2,0.13,114.2,5,4,5141,大 澤 風 葵,56,50,6.83,6,0.18,,6,1,2014,高 塚 清 一,14,64,6.87,1,0.06,
202011030402,第１９回府中市長杯,第4日,2020/11/03,平和島,02R,一般,1800,曇り,北東,1,3,まくり,4,440,4,190,3,110,4-3,870,4,3-4,610,4,3-4,180,2,1-4,240,6,1-3,210,4,4-3-1,3850,20,1-3-4,480,3,1,4,4120,柘 植 政 浩,39,46,6.83,4,0.21,110.7,2,3,4809,外 崎 悟,61,27,6.82,3,0.3,112.4,3,1,4780,マイケル 田 代,12,39,6.84,1,0.18,114.6,4,5,5139,大 場 恒 季,26,29,6.92,5,0.19,116.5,5,2,4700,金 子 和 之,15,55,6.92,2,0.32,,6,6,5077,滝 沢 崚,62,36,6.83,6,0.21,
202011030403,第１９回府中市長杯,第4日,2020/11/03,平和島,03R,一般,1800,曇り,北,1,3,差し,2,630,2,150,5,160,2-5,800,3,2-5,630,3,2-5,170,2,1-2,330,7,1-5,220,3,2-5-1,4240,19,1-2-5,750,4,1,2,4790,柳 内 敬 太,57,57,6.83,2,0.09,110.6,2,5,4397,西 村 拓 也,59,24,6.87,5,0.12,111.2,3,1,4636,赤 池 修 平,72,58,6.82,1,0.13,113.6,4,3,3891,谷 口 健 一,27,41,6.9,3,0.07,115.0,5,4,3811,石 田 章 央,18,53,6.9,4,0.14,,6,6,3895,堀 本 裕 也,33,30,6.85,6,0.09,
202011030404,第１９回府中市長杯,第4日,2020/11/03,平和島,04R,一般,1800,曇り,北東,1,3,逃げ,1,240,1,100,2,190,1-2,720,3,1-2,540,2,1-2,160,2,1-3,100,1,2-3,210,4,1-2-3,1390,3,1-2-3,340,1,1,1,3569,増 田 進,68,34,6.9,1,0.11,110.9,2,2,4167,片 岡 秀 樹,35,35,6.81,2,0.09,112.7,3,3,4692,酒 井 俊 弘,34,38,6.85,3,0.08,113.5,4,5,4516,野 口 勝 弘,30,63,6.88,5,0.1,115.6,5,4,5133,堀 越 雄 貴,69,23,6.9,4,0.11,,6,6,4056,小 西 英 輝,46,43,6.88,6,0.08,
202011030405,第１９回府中市長杯,第4日,2020/11/03,平和島,05R,一般,1800,曇り,北東,1,3,逃げ,1,320,1,160,4,110,1-4,590,2,1-4,500,3,1-4,120,1,1-2,230,4,2-4,480,9,1-4-2,3610,14,1-2-4,1200,5,1,1,4785,木 幡 純 也,29,54,6.86,1,0.08,111.2,2,4,3957,大 谷 直 弘,20,62,6.91,4,0.08,112.7,3,2,3565,坂 本 徳 克,63,48,6.89,2,0.12,114.1,4,3,3122,高 山 哲 也,52,79,6.84,3,0.13,115.3,5,5,3534,野 澤 大 二,54,40,6.88,5,0.08,,6,6,3776,横 井 健 太,78,28,6.87,6,0.12,
202011030406,第１９回府中市長杯,第4日,2020/11/03,平和島,06R,一般,1800,曇り,東,1,3,逃げ,1,110,1,120,3,150,1-3,250,1,1-3,250,1,1-3,110,1,1-2,140,3,2-3,230,5,1-3-2,640,1,1-2-3,230,1,1,1,3612,馬 袋 義 則,13,32,6.86,1,0.05,110.0,2,3,4650,中 山 雄 太,24,56,6.84,3,0.12,111.4,3,2,3690,河 合 三 弘,75,59,6.89,2,0.07,113.1,4,6,4109,谷 津 幸 宏,79,22,6.9,4,0.1,114.2,5,4,5139,大 場 恒 季,26,29,6.87,5,0.12,,6,5,5077,滝 沢 崚,62,36,6.83,6,0.13,
202011030407,第１９回府中市長杯,第4日,2020/11/03,平和島,07R,一般,1800,曇り,東,1,3,差し,5,950,5,230,4,160,5-4,870,3,4-5,400,1,4-5,100,1,2-5,220,4,2-4,210,3,5-4-2,2570,6,2-4-5,410,1,1,5,3902,蜷 川 哲 平,64,44,6.87,5,0.24,110.8,2,4,4191,赤 羽 克 也,67,51,6.88,4,0.2,112.3,3,2,4809,外 崎 悟,61,27,6.87,2,0.23,114.5,4,3,4780,マイケル 田 代,12,39,6.9,3,0.23,115.9,5,1,3891,谷 口 健 一,27,41,6.91,1,0.16,,6,6,5141,大 澤 風 葵,56,50,6.85,6,0.22,
202011030408,第１９回府中市長杯,第4日,2020/11/03,平和島,08R,一般,1800,曇り,北東,1,3,差し,2,620,2,170,1,110,2-1,960,4,1-2,200,1,1-2,110,1,2-4,380,8,1-4,240,4,2-1-4,4250,14,1-2-4,520,3,1,2,4516,野 口 勝 弘,30,63,6.83,2,0.19,111.1,2,1,4120,柘 植 政 浩,39,46,6.83,1,0.23,111.9,3,4,4636,赤 池 修 平,72,58,6.85,4,0.12,113.5,4,5,4700,金 子 和 之,15,55,6.92,5,0.18,113.6,5,6,5133,堀 越 雄 貴,69,23,6.84,6,0.16,,6,3,2014,高 塚 清 一,14,64,6.88,3,0.16,
202011030409,第１９回府中市長杯,第4日,2020/11/03,平和島,09R,一般特選,1800,曇り,北,1,3,逃げ,1,230,1,140,2,120,1-2,410,1,1-2,320,1,1-2,150,2,1-3,180,3,2-3,220,5,1-2-3,1140,2,1-2-3,410,2,1,1,3895,堀 本 裕 也,33,30,6.82,1,0.09,111.1,2,2,3805,高 橋 英 之,22,25,6.85,2,0.11,112.0,3,3,3811,石 田 章 央,18,53,6.94,3,0.12,113.3,4,4,4692,酒 井 俊 弘,34,38,6.81,4,0.1,115.1,5,6,4785,木 幡 純 也,29,54,6.88,6,0.17,,6,5,4167,片 岡 秀 樹,35,35,6.88,5,0.16,
202011030410,第１９回府中市長杯,第4日,2020/11/03,平和島,10R,選抜,1800,曇り,北東,1,3,逃げ,1,210,1,130,2,130,1-2,360,1,1-2,200,1,1-2,110,1,1-4,260,4,2-4,200,2,1-2-4,990,1,1-2-4,360,1,1,1,4109,谷 津 幸 宏,79,22,6.83,1,0.16,110.5,2,2,4397,西 村 拓 也,59,24,6.89,2,0.19,111.5,3,4,3347,矢 後 剛,41,31,6.91,4,0.3,113.6,4,3,3957,大 谷 直 弘,20,62,6.81,3,0.24,115.4,5,5,4790,柳 内 敬 太,57,57,6.79,5,0.33,,6,6,3612,馬 袋 義 則,13,32,6.82,6,0.27,
202011030411,第１９回府中市長杯,第4日,2020/11/03,平和島,11R,選抜,1800,曇り,東,1,3,逃げ,1,160,1,130,3,190,1-3,600,3,1-3,460,2,1-3,150,1,1-2,180,2,2-3,190,4,1-3-2,1510,5,1-2-3,440,2,1,1,3534,野 澤 大 二,54,40,6.84,1,0.14,110.9,2,3,4191,赤 羽 克 也,67,51,6.85,3,0.09,112.2,3,2,3902,蜷 川 哲 平,64,44,6.81,2,0.12,114.5,4,6,3569,増 田 進,68,34,6.86,6,0.18,115.9,5,4,4650,中 山 雄 太,24,56,6.82,4,0.12,,6,5,3690,河 合 三 弘,75,59,6.82,5,0.14,
202011030412,第１９回府中市長杯,第4日,2020/11/03,平和島,12R,優勝戦,1800,曇り,東,1,3,逃げ,1,140,1,100,2,140,1-2,230,1,1-2,150,1,1-2,120,1,1-3,150,2,2-3,160,3,1-2-3,550,1,1-2-3,250,1,1,1,4460,後 藤 翔 之,40,37,6.82,1,0.08,109.8,2,2,4907,小 池 修 平,37,33,6.94,2,0.09,112.1,3,3,3939,渡 辺 真 至,53,65,6.84,3,0.11,113.6,4,4,3790,佐 口 達 也,23,52,6.92,4,0.19,114.6,5,6,3896,上 田 洋 平,19,45,6.88,6,0.2,,6,5,4139,丹 下 健,65,60,6.79,5,0.17,
202011030201,スカパー・ブロードキャスティング杯,第6日,2020/11/03,戸田,01R,一般戦,1800,曇り,,0,0,逃げ,1,220,1,100,2,100,1-2,210,1,1-2,210,1,1-2,130,1,1-4,240,3,2-4,260,6,1-2-4,660,2,1-2-4,380,2,1,1,4726,島 田 なぎさ,57,52,6.73,1,0.17,110.1,2,2,4775,千 葉 真 弥,58,72,6.74,2,0.16,111.6,3,4,3355,橋谷田 佳 織,23,67,6.9,4,0.23,114.2,4,3,3177,宮 本 紀 美,47,61,6.8,3,0.17,115.2,5,5,3182,久保田 美 紀,9,22,6.82,5,0.19,,6,6,5069,山 崎 小葉音,1,38,6.8,6,0.32,
202011030202,スカパー・ブロードキャスティング杯,第6日,2020/11/03,戸田,02R,ウインウイン,1800,曇り,,0,0,,2,420,2,260,5,330,2-5,5510,17,2-5,2100,8,2-5,510,9,2-4,350,4,4-5,250,3,2-5-4,13990,50,2-4-5,770,3,1,2,4953,尾 上 雅 也,55,68,6.8,2,0.15,111.1,2,5,3857,阿 波 勝 哉,62,36,6.8,6,0.18,112.0,3,4,4207,松 下 一 也,17,40,6.69,4,0.23,113.9,4,6,4943,八 木 治 樹,41,34,6.8,5,0.26,115.1,5,1,5006,久保原 秀 人,7,70,6.71,1,0.11,,6,3,3880,浅 見 宗 孝,26,32,6.81,3,0.2,
202011030203,スカパー・ブロードキャスティング杯,第6日,2020/11/03,戸田,03R,一般戦,1800,曇り,,0,0,差し,3,320,3,250,5,620,3-5,1760,8,3-5,960,5,3-5,580,11,2-3,540,9,2-5,700,12,3-5-2,8650,41,2-3-5,2060,11,1,3,4539,金 子 賢 志,49,58,6.82,3,0.12,110.1,2,5,4442,松 竹 大 輔,52,77,6.75,4,0.13,111.7,3,2,4753,森 照 夫,21,53,6.78,2,0.08,113.1,4,1,4550,石 岡 将 太,15,31,6.73,1,0.11,114.7,5,6,3888,山 本 英 志,11,14,6.79,5,0.11,,6,4,4211,村 田 敦,30,20,6.86,6,0.18,
202011030204,スカパー・ブロードキャスティング杯,第6日,2020/11/03,戸田,04R,一般戦,1800,曇り,,0,0,逃げ,1,350,1,240,5,960,1-5,4910,21,1-5,3100,13,1-5,1120,15,1-4,580,10,4-5,1040,14,1-5-4,25130,92,1-4-5,5790,19,1,1,3973,崎 利 仁,28,59,6.87,1,0.18,111.4,2,5,4058,野 末 智 一,12,63,6.8,5,0.2,112.7,3,4,3441,土 屋 太 朗,53,18,6.84,4,0.21,113.4,4,2,4150,山 田 雄 太,14,26,6.79,2,0.16,114.5,5,6,4090,中 村 尊,18,25,6.78,6,0.17,,6,3,4016,西 川 新太郎,2,66,6.82,3,0.15,
202011030205,スカパー・ブロードキャスティング杯,第6日,2020/11/03,戸田,05R,一般戦,1800,曇り,,0,0,まくり,4,630,4,360,2,120,4-2,2100,11,2-4,530,2,2-4,220,3,4-5,380,8,2-5,310,5,4-2-5,3940,15,2-4-5,510,2,1,4,3550,都 築 正 治,10,29,6.79,4,0.22,110.7,2,2,4076,杉 田 篤 光,51,44,6.76,2,0.16,111.9,3,5,4547,中 田 竜 太,56,51,6.85,5,0.16,113.6,4,3,4729,佐 藤 謙史朗,20,15,6.81,3,0.24,114.2,5,1,4405,南 野 利 騰,54,21,6.72,1,0.15,,6,6,3852,澤 大 介,16,30,6.9,6,0.3,
202011030206,スカパー・ブロードキャスティング杯,第6日,2020/11/03,戸田,06R,一般戦,1800,晴,東,3,1,差し,3,350,3,110,1,130,3-1,550,2,1-3,250,1,1-3,130,1,3-5,130,2,1-5,150,4,3-1-5,930,1,1-3-5,260,1,1,3,4067,永 井 源,8,56,6.68,3,0.19,110.3,2,1,3414,加 瀬 智 宏,13,48,6.81,1,0.22,111.3,3,5,4496,内 堀 学,3,69,6.68,5,0.19,112.6,4,4,4037,別 府 正 幸,64,54,6.74,4,0.21,113.8,5,6,3392,小 森 信 雄,19,13,6.87,6,0.43,,6,2,3182,久保田 美 紀,9,22,6.73,2,0.25,
202011030207,スカパー・ブロードキャスティング杯,第6日,2020/11/03,戸田,07R,ウインウイン,1800,曇り,東,3,1,逃げ,1,190,1,100,3,120,1-3,480,2,1-3,330,1,1-3,220,3,1-5,320,6,3-5,980,15,1-3-5,2490,10,1-3-5,1550,9,1,1,4442,松 竹 大 輔,52,77,6.68,1,0.15,110.3,2,3,4211,村 田 敦,30,20,6.78,3,0.22,112.2,3,5,4740,齋 藤 達 希,59,42,6.82,5,0.21,114.0,4,4,3880,浅 見 宗 孝,26,32,6.85,4,0.27,115.2,5,6,4775,千 葉 真 弥,58,72,6.76,6,0.19,,6,2,5006,久保原 秀 人,7,70,6.7,2,0.18,
202011030208,スカパー・ブロードキャスティング杯,第6日,2020/11/03,戸田,08R,一般戦,1800,晴,東,3,1,まくり,5,340,5,200,3,330,5-3,1660,7,3-5,970,6,3-5,290,5,2-5,360,6,2-3,280,4,5-3-2,6680,30,2-3-5,1050,5,1,5,4207,松 下 一 也,17,40,6.65,5,0.06,110.6,2,3,4550,石 岡 将 太,15,31,6.74,3,0.16,111.9,3,2,3441,土 屋 太 朗,53,18,6.74,2,0.16,113.7,4,1,4058,野 末 智 一,12,63,6.74,1,0.21,115.1,5,4,3177,宮 本 紀 美,47,61,6.68,4,0.23,,6,6,3857,阿 波 勝 哉,62,36,6.77,6,0.18,
202011030209,スカパー・ブロードキャスティング杯,第6日,2020/11/03,戸田,09R,戸田特選,1800,晴,東,3,1,逃げ,1,120,1,130,2,120,1-2,380,1,1-2,280,1,1-2,190,2,1-5,210,3,2-5,310,5,1-2-5,1700,3,1-2-5,780,3,1,1,4150,山 田 雄 太,14,26,6.77,1,0.18,110.7,2,2,4726,島 田 なぎさ,57,52,6.67,2,0.17,112.1,3,5,4953,尾 上 雅 也,55,68,6.72,5,0.28,114.5,4,6,4539,金 子 賢 志,49,58,6.72,6,0.25,114.9,5,4,4729,佐 藤 謙史朗,20,15,6.79,4,0.23,,6,3,3973,崎 利 仁,28,59,6.74,3,0.19,
202011030210,スカパー・ブロードキャスティング杯,第6日,2020/11/03,戸田,10R,選抜戦,1800,晴,東,3,1,まくり,2,300,2,170,4,390,2-4,2830,10,2-4,1180,5,2-4,560,7,2-6,1980,13,4-6,2940,14,2-4-6,25280,59,2-4-6,8620,18,1,2,4496,内 堀 学,3,69,6.66,2,0.22,121.5,2,4,4016,西 川 新太郎,2,66,6.74,4,0.25,123.4,3,6,4405,南 野 利 騰,54,21,6.7,6,0.23,124.7,4,3,4037,別 府 正 幸,64,54,6.66,3,0.23,128.6,,,,,,,,,,,,,,,,,,,,
202011030211,スカパー・ブロードキャスティング杯,第6日,2020/11/03,戸田,11R,選抜戦,1800,晴,東,2,1,差し,2,510,2,120,1,100,2-1,1070,4,1-2,250,1,1-2,140,1,2-4,190,4,1-4,160,2,2-1-4,2670,8,1-2-4,300,1,1,2,4547,中 田 竜 太,56,51,6.79,2,0.12,109.5,2,1,4090,中 村 尊,18,25,6.65,1,0.04,110.6,3,4,4067,永 井 源,8,56,6.67,4,0.14,112.3,4,3,3550,都 築 正 治,10,29,6.75,3,0.11,114.5,5,6,3414,加 瀬 智 宏,13,48,6.69,6,0.14,,6,5,4753,森 照 夫,21,53,6.74,5,0.12,
202011030212,スカパー・ブロードキャスティング杯,第6日,2020/11/03,戸田,12R,優勝戦,1800,曇り,東,2,1,逃げ,1,130,1,110,5,390,1-5,990,5,1-5,980,3,1-5,290,4,1-6,530,8,5-6,1160,13,1-5-6,6180,18,1-5-6,3060,8,1,1,4391,松 田 祐 季,5,46,6.65,1,0.12,109.4,2,5,4645,上 村 純 一,63,49,6.73,6,0.14,110.9,3,6,4845,前 田 紗 希,60,37,6.68,4,0.25,113.7,4,3,3696,白 井 友 晴,61,57,6.76,3,0.26,113.7,5,4,3868,尾 形 栄 治,22,17,6.75,5,0.29,,6,2,4036,金 田 諭,48,35,6.64,2,0.19,
202011030101,開設６４周年記念赤城雷神杯,第6日,2020/11/03,桐生,01R,一般,1800,晴,東,3,2,逃げ,1,190,1,120,4,360,1-4,960,3,1-4,950,4,1-4,450,8,1-3,200,1,3-4,420,7,1-4-3,3540,11,1-3-4,1000,4,1,1,4851,関 浩 哉,73,61,6.74,1,0.16,109.8,2,4,3554,仲 口 博 崇,23,59,6.76,3,0.22,111.5,3,3,4080,山 崎 哲 司,24,40,6.7,5,0.09,113.0,4,2,4362,土 屋 智 則,20,14,6.67,2,0.25,113.7,5,5,4504,前 田 将 太,59,70,6.82,6,0.18,113.7,6,6,4168,石 野 貴 之,51,76,6.77,4,0.13,116.3
202011030102,開設６４周年記念赤城雷神杯,第6日,2020/11/03,桐生,02R,一般,1800,晴,東,3,2,逃げ,1,110,1,150,5,300,1-5,580,3,1-5,600,3,1-5,190,3,1-3,130,2,3-5,390,6,1-5-3,1610,5,1-3-5,470,3,1,1,4371,西 山 貴 浩,12,74,6.75,1,0.19,110.1,2,5,3590,濱野谷 憲 吾,14,15,6.75,5,0.22,111.0,3,3,4413,水 摩 敦,28,13,6.74,3,0.21,113.0,4,2,4608,荒 井 翔 伍,75,72,6.75,2,0.26,114.8,5,6,4357,田 中 和 也,43,23,6.72,6,0.24,116.8,6,4,4133,高 橋 正 男,38,50,6.72,4,0.24,119.1
202011030103,開設６４周年記念赤城雷神杯,第6日,2020/11/03,桐生,03R,一般,1800,晴,東,3,2,逃げ,1,130,1,210,3,380,1-3,310,1,1-3,250,1,1-3,120,1,1-4,140,2,3-4,180,4,1-3-4,660,1,1-3-4,320,1,1,1,4601,森 野 正 弘,40,64,6.7,1,0.11,109.7,2,3,4061,萩 原 秀 人,52,73,6.76,3,0.12,110.8,3,4,3721,守 田 俊 介,62,44,6.85,4,0.15,112.5,4,2,4305,金 子 拓 矢,19,62,6.77,2,0.12,113.3,5,5,3874,山 本 寛 久,41,58,6.75,5,0.17,114.4,6,6,3912,川 原 正 明,50,79,6.69,6,0.15,115.9
202011030104,開設６４周年記念赤城雷神杯,第6日,2020/11/03,桐生,04R,一般,1800,晴,東,4,3,逃げ,2,1290,2,360,3,160,2-3,3710,11,2-3,1590,7,2-3,180,3,1-2,170,2,1-3,160,1,2-3-1,9270,29,1-2-3,320,1,1,2,3159,江 口 晃 生,56,67,6.79,1,0.1,109.9,2,3,4444,桐 生 順 平,30,49,6.78,3,0.11,110.7,3,1,3942,寺 田 祥,29,51,6.7,2,0.09,110.9,4,6,3744,徳 増 秀 樹,58,25,6.7,6,0.15,113.5,5,4,4512,高 野 哲 史,42,28,6.76,4,0.16,114.8,6,5,4466,南 佑 典,44,12,6.83,5,0.19,116.2
202011030105,開設６４周年記念赤城雷神杯,第6日,2020/11/03,桐生,05R,一般,1800,晴,東,4,3,逃げ,1,140,1,130,3,660,1-3,800,3,1-3,670,3,1-3,290,4,1-6,450,6,3-6,1840,15,1-3-6,6400,21,1-3-6,4000,12,1,1,4262,馬 場 貴 也,68,27,6.74,1,0.15,109.8,2,3,3903,白 石 健,72,78,6.75,3,0.17,111.3,3,6,4578,藤 山 雅 弘,11,46,6.72,6,0.21,112.9,4,4,4168,石 野 貴 之,51,76,6.67,4,0.19,113.9,5,2,4083,福 島 勇 樹,36,19,6.76,2,0.16,114.9,6,5,4532,秋 元 哲,31,16,6.7,5,0.2,115.7
202011030106,開設６４周年記念赤城雷神杯,第6日,2020/11/03,桐生,06R,一般,1800,晴,東,4,3,逃げ,1,100,1,110,2,100,1-2,260,1,1-2,140,1,1-2,150,1,1-5,220,5,2-5,350,7,1-2-5,800,3,1-2-5,440,3,1,1,3573,前 本 泰 和,33,21,6.78,1,0.31,109.3,2,2,3959,坪 井 康 晴,60,35,6.66,2,0.25,111.0,3,5,4342,谷 野 錬 志,22,66,6.69,5,0.19,111.5,4,3,3554,仲 口 博 崇,23,59,6.71,3,0.22,113.2,5,4,4357,田 中 和 也,43,23,6.78,4,0.27,114.3,6,6,4184,渡 邊 雄一郎,21,71,6.76,6,0.2,114.8
202011030107,開設６４周年記念赤城雷神杯,第6日,2020/11/03,桐生,07R,一般,1800,晴,東,1,1,逃げ,1,110,1,100,4,260,1-4,510,3,1-4,470,3,1-4,180,2,1-3,210,3,3-4,530,11,1-4-3,1960,9,1-3-4,870,5,1,1,3783,瓜 生 正 義,54,37,6.63,1,0.19,108.9,2,4,3912,川 原 正 明,50,79,6.65,4,0.11,111.1,3,3,4786,佐 藤 博 亮,37,32,6.7,3,0.22,112.0,4,6,4080,山 崎 哲 司,24,40,6.71,6,0.06,113.8,5,5,4413,水 摩 敦,28,13,6.74,5,0.1,115.3,6,2,4095,福 来 剛,48,33,6.76,2,0.14,116.8
202011030108,開設６４周年記念赤城雷神杯,第6日,2020/11/03,桐生,08R,一般,1800,晴,,0,0,逃げ,1,110,1,120,2,170,1-2,210,1,1-2,280,1,1-2,100,1,1-3,200,3,2-3,310,7,1-2-3,850,2,1-2-3,440,2,1,1,3854,吉 川 元 浩,45,38,6.69,1,0.21,108.6,2,2,3996,秋 山 直 之,74,31,6.74,2,0.2,109.5,3,3,4297,山 田 哲 也,71,41,6.79,3,0.15,112.5,4,5,4428,有 賀 達 也,35,68,6.88,5,0.18,113.7,5,4,4305,金 子 拓 矢,19,62,6.76,4,0.15,114.6,6,6,4608,荒 井 翔 伍,75,72,6.72,6,0.27,114.8
202011030109,開設６４周年記念赤城雷神杯,第6日,2020/11/03,桐生,09R,一般,1800,雨,東,1,1,逃げ,1,110,1,110,3,200,1-3,440,2,1-3,500,3,1-3,200,4,1-5,190,2,3-5,530,10,1-3-5,1250,4,1-3-5,700,5,1,1,3590,濱野谷 憲 吾,14,15,6.75,1,0.21,108.1,2,3,4532,秋 元 哲,31,16,6.72,3,0.2,111.1,3,5,4848,仲 谷 颯 仁,66,24,6.79,5,0.22,111.9,4,4,4504,前 田 将 太,59,70,6.74,4,0.21,113.6,5,6,4261,岡 祐 臣,32,57,6.83,6,0.43,115.4,6,2,3622,山 崎 智 也,16,22,6.76,2,0.26,117.8
202011030110,開設６４周年記念赤城雷神杯,第6日,2020/11/03,桐生,10R,特別選抜Ｂ戦,1800,雨,北西,2,1,逃げ,1,130,1,100,5,230,1-5,600,3,1-5,550,3,1-5,220,3,1-2,190,2,2-5,410,9,1-5-2,1800,6,1-2-5,540,3,1,1,4061,萩 原 秀 人,52,73,6.78,1,0.07,109.1,2,5,4262,馬 場 貴 也,68,27,6.77,4,0.13,109.8,3,2,3942,寺 田 祥,29,51,6.74,2,0.11,111.8,4,3,4371,西 山 貴 浩,12,74,6.84,3,0.1,112.9,5,6,3573,前 本 泰 和,33,21,6.76,5,0.16,113.6,6,4,4095,福 来 剛,48,33,6.82,6,0.14,114.8
202011030111,開設６４周年記念赤城雷神杯,第6日,2020/11/03,桐生,11R,特別選抜Ａ戦,1800,曇り,北西,1,1,逃げ,1,110,1,100,5,200,1-5,830,4,1-5,840,4,1-5,250,5,1-3,180,2,3-5,380,7,1-5-3,2750,13,1-3-5,730,5,1,1,4444,桐 生 順 平,30,49,6.76,1,0.18,109.0,2,5,3959,坪 井 康 晴,60,35,6.69,5,0.15,109.8,3,3,4083,福 島 勇 樹,36,19,6.8,3,0.21,111.3,4,2,3854,吉 川 元 浩,45,38,6.76,2,0.21,112.2,5,6,3783,瓜 生 正 義,54,37,6.79,6,0.16,112.4,6,4,4601,森 野 正 弘,40,64,6.72,4,0.19,114.1
202011030112,開設６４周年記念赤城雷神杯,第6日,2020/11/03,桐生,12R,優勝戦,1800,曇り,北西,2,1,逃げ,1,100,1,100,3,170,1-3,260,1,1-3,190,1,1-3,130,1,1-2,150,2,2-3,270,5,1-3-2,760,2,1-2-3,310,1,1,1,4238,毒 島 誠,34,52,6.68,1,0.12,107.7,2,3,4205,山 口 剛,53,56,6.67,3,0.1,109.3,3,2,4188,久 田 敏 之,49,65,6.75,2,0.14,111.7,4,4,4148,枝 尾 賢,63,53,6.81,4,0.15,112.4,5,6,4166,吉 田 拡 郎,67,11,6.79,5,0.13,113.8,6,5,4477,篠 崎 仁 志,46,42,6.84,6,0.16,115.2
